{
 "cells": [
  {
   "cell_type": "code",
   "execution_count": 21,
   "id": "16ff457b",
   "metadata": {},
   "outputs": [],
   "source": [
    "import numpy as np\n",
    "import torch\n",
    "import rms_torch\n",
    "\n",
    "base_path = \"array/torch/MG1D_loc/J0_0.5_J1_0.5_J2_1_J3_1/2_mel/\"\n",
    "# base_path = \"array/quetta/BLBQ1D_loc/J0_3_J1_1_hx_0_hz_0/1_mel/\"\n",
    "H = - np.load(base_path + \"H/0.npy\")\n",
    "# H2 = np.load(\"array/torch/HXYZ1D_loc/Jx_0.04851_Jy_5_Jz_1.043_hx_0.4123_hz_0_lt_1/H/0.npy\")\n",
    "# u = np.load(base_path + \"Adam/lr_0.001_epoch_10000/loss_0.0000005/u/0.npy\")\n",
    "# u = np.load(base_path + \"Adam/lr_0.005_epoch_3000/loss_0.0000099/u/0.npy\")"
   ]
  },
  {
   "cell_type": "code",
   "execution_count": 22,
   "id": "93673682",
   "metadata": {},
   "outputs": [],
   "source": [
    "from utils import stoquastic\n",
    "import utils"
   ]
  },
  {
   "cell_type": "code",
   "execution_count": 23,
   "id": "6094fea4",
   "metadata": {},
   "outputs": [],
   "source": [
    "# u0 = np.array([\n",
    "#     [-1j/np.sqrt(2),0,1j/np.sqrt(2)],\n",
    "#     [1/np.sqrt(2),0,1/np.sqrt(2)],\n",
    "#     [0,1j,0]\n",
    "# ])\n",
    "u0 = np.array([\n",
    "    [1, 0, 0, 1],\n",
    "    [1,0,0,-1],\n",
    "    [0,1,1,0],\n",
    "    [0,1,-1,0]\n",
    "]) / np.sqrt(2)\n",
    "U = np.kron(u0,u0)\n",
    "\n",
    "# q = np.diag(np.array([1,-1,-1,1,1,-1,1,1,1]))\n",
    "# Q = np.copy(q)\n",
    "# for i in range(3):\n",
    "#     Q = np.kron(Q, q)\n",
    "# Q.shape"
   ]
  },
  {
   "cell_type": "code",
   "execution_count": 27,
   "id": "193a568d",
   "metadata": {},
   "outputs": [
    {
     "data": {
      "text/plain": [
       "array([[ 0.25,  0.  ,  0.  ,  0.  ,  0.  ,  0.5 ,  0.  ,  0.  ,  0.  ,\n",
       "         0.  ,  0.5 , -0.  ,  0.  ,  0.  , -0.  ,  0.  ],\n",
       "       [ 0.  ,  0.25,  0.  ,  0.  ,  0.5 ,  0.  ,  0.  ,  0.  ,  0.  ,\n",
       "         0.  ,  0.  , -0.25,  0.  ,  0.  , -0.25,  0.  ],\n",
       "       [ 0.  ,  0.  ,  0.25, -0.  ,  0.  ,  0.  , -0.  ,  0.25,  0.5 ,\n",
       "         0.  ,  0.  ,  0.  ,  0.  ,  0.25,  0.  ,  0.  ],\n",
       "       [ 0.  ,  0.  , -0.  , -0.25,  0.  ,  0.  ,  0.25,  0.  ,  0.  ,\n",
       "        -0.25,  0.  ,  0.  , -0.  ,  0.  ,  0.  ,  0.  ],\n",
       "       [ 0.  ,  0.5 ,  0.  ,  0.  ,  0.25,  0.  ,  0.  ,  0.  ,  0.  ,\n",
       "         0.  , -0.  ,  0.25,  0.  ,  0.  ,  0.25, -0.  ],\n",
       "       [ 0.5 ,  0.  ,  0.  ,  0.  ,  0.  ,  0.25,  0.  ,  0.  ,  0.  ,\n",
       "         0.  , -0.5 ,  0.  ,  0.  ,  0.  ,  0.  , -0.  ],\n",
       "       [ 0.  ,  0.  , -0.  ,  0.25,  0.  ,  0.  ,  0.25, -0.  ,  0.  ,\n",
       "         0.5 ,  0.  ,  0.  ,  0.25,  0.  ,  0.  ,  0.  ],\n",
       "       [ 0.  ,  0.  ,  0.25,  0.  ,  0.  ,  0.  , -0.  , -0.25, -0.25,\n",
       "         0.  ,  0.  ,  0.  ,  0.  , -0.  ,  0.  ,  0.  ],\n",
       "       [ 0.  ,  0.  ,  0.5 , -0.  ,  0.  ,  0.  ,  0.  , -0.25,  0.25,\n",
       "         0.  ,  0.  ,  0.  , -0.  , -0.25,  0.  ,  0.  ],\n",
       "       [ 0.  ,  0.  ,  0.  , -0.25,  0.  ,  0.  ,  0.5 , -0.  ,  0.  ,\n",
       "         0.25,  0.  ,  0.  , -0.25, -0.  ,  0.  ,  0.  ],\n",
       "       [ 0.5 ,  0.  ,  0.  ,  0.  , -0.  , -0.5 ,  0.  ,  0.  ,  0.  ,\n",
       "         0.  ,  0.25, -0.  ,  0.  ,  0.  , -0.  ,  0.  ],\n",
       "       [-0.  , -0.25,  0.  ,  0.  ,  0.25,  0.  ,  0.  ,  0.  ,  0.  ,\n",
       "         0.  ,  0.  , -0.25,  0.  ,  0.  , -0.  ,  0.  ],\n",
       "       [ 0.  ,  0.  , -0.  ,  0.  ,  0.  ,  0.  ,  0.25, -0.  ,  0.  ,\n",
       "        -0.25,  0.  ,  0.  , -0.25,  0.  ,  0.  ,  0.  ],\n",
       "       [ 0.  ,  0.  ,  0.25, -0.  ,  0.  ,  0.  , -0.  ,  0.  , -0.25,\n",
       "         0.  ,  0.  ,  0.  ,  0.  , -0.25,  0.  ,  0.  ],\n",
       "       [-0.  , -0.25,  0.  ,  0.  ,  0.25,  0.  ,  0.  ,  0.  ,  0.  ,\n",
       "         0.  ,  0.  , -0.  ,  0.  ,  0.  , -0.25,  0.  ],\n",
       "       [ 0.  ,  0.  ,  0.  ,  0.  ,  0.  ,  0.  ,  0.  ,  0.  ,  0.  ,\n",
       "         0.  , -0.  , -0.  ,  0.  ,  0.  , -0.  , -0.75]])"
      ]
     },
     "execution_count": 27,
     "metadata": {},
     "output_type": "execute_result"
    }
   ],
   "source": [
    "utils.s(np.round(U @ H @ U.T,8))"
   ]
  },
  {
   "cell_type": "code",
   "execution_count": 29,
   "id": "95afc932",
   "metadata": {},
   "outputs": [],
   "source": [
    "L = 4\n",
    "h1 = H\n",
    "h2_ = (U @ H @ U.T.conj()).real\n",
    "h2 = utils.stoquastic(h2)\n",
    "HS1 = utils.sum_ham(h1, [[i, (i+1)%L] for i in range(L-1)], L, 4)\n",
    "HS2 = utils.sum_ham(h2, [[i, (i+1)%L] for i in range(L-1)], L, 4)\n",
    "HS2 = utils.stoquastic(HS2)"
   ]
  },
  {
   "cell_type": "code",
   "execution_count": 30,
   "id": "f8b79200",
   "metadata": {},
   "outputs": [],
   "source": [
    "e2, v2 = np.linalg.eigh(h1)\n",
    "e1, v1 = np.linalg.eigh(h2)\n",
    "E1, V2 = np.linalg.eigh(HS1)\n",
    "E2, V1 = np.linalg.eigh(HS2)"
   ]
  },
  {
   "cell_type": "code",
   "execution_count": 31,
   "id": "6446c2f5",
   "metadata": {},
   "outputs": [
    {
     "data": {
      "text/plain": [
       "1.0000000000000007"
      ]
     },
     "execution_count": 31,
     "metadata": {},
     "output_type": "execute_result"
    }
   ],
   "source": [
    "beta = 1\n",
    "np.exp(-beta * E1).sum() / np.exp(-beta * E2).sum()"
   ]
  },
  {
   "cell_type": "code",
   "execution_count": 445,
   "id": "e6c0a8c4",
   "metadata": {},
   "outputs": [],
   "source": [
    "J = np.array([-1, 5, 0.3])\n",
    "h = np.array([0.1, 0, 0.4])"
   ]
  },
  {
   "cell_type": "code",
   "execution_count": 313,
   "id": "70d462e0",
   "metadata": {},
   "outputs": [],
   "source": [
    "import numpy as np\n",
    "from lattice.core.constants import *"
   ]
  },
  {
   "cell_type": "code",
   "execution_count": 314,
   "id": "5b17779c",
   "metadata": {},
   "outputs": [
    {
     "data": {
      "text/plain": [
       "array([[ 0.  ,  0.  ,  0.  , -0.25],\n",
       "       [ 0.  ,  0.  ,  0.25,  0.  ],\n",
       "       [ 0.  ,  0.25,  0.  ,  0.  ],\n",
       "       [-0.25,  0.  ,  0.  ,  0.  ]])"
      ]
     },
     "execution_count": 314,
     "metadata": {},
     "output_type": "execute_result"
    }
   ],
   "source": [
    "SySy"
   ]
  },
  {
   "cell_type": "code",
   "execution_count": 315,
   "id": "3d854cbb",
   "metadata": {},
   "outputs": [
    {
     "data": {
      "text/plain": [
       "array([[ 0.25,  0.  ,  0.  ,  0.  ],\n",
       "       [ 0.  , -0.25,  0.  , -0.  ],\n",
       "       [ 0.  ,  0.  , -0.25, -0.  ],\n",
       "       [ 0.  , -0.  , -0.  ,  0.25]])"
      ]
     },
     "execution_count": 315,
     "metadata": {},
     "output_type": "execute_result"
    }
   ],
   "source": [
    "SzSz"
   ]
  },
  {
   "cell_type": "code",
   "execution_count": null,
   "id": "b80541ef",
   "metadata": {},
   "outputs": [],
   "source": []
  },
  {
   "cell_type": "code",
   "execution_count": 10,
   "id": "f4e62d3b",
   "metadata": {},
   "outputs": [],
   "source": []
  },
  {
   "cell_type": "code",
   "execution_count": 87,
   "id": "3348efe6",
   "metadata": {},
   "outputs": [],
   "source": [
    "import numpy as np\n",
    "\n",
    "def cartesian_to_spherical(x, y, z):\n",
    "    r = np.sqrt(x**2 + y**2 + z**2)\n",
    "    theta = np.arccos(z / r)\n",
    "    phi = np.arctan2(y, x)\n",
    "    return r, theta, phi\n",
    "\n",
    "def rotation_matrix(theta, phi):\n",
    "    # Convert angles from degrees to radians\n",
    "\n",
    "    # Rotation matrix around the x-axis\n",
    "    Rx = np.array([[1, 0, 0],\n",
    "                   [0, np.cos(phi), -np.sin(phi)],\n",
    "                   [0, np.sin(phi), np.cos(phi)]])\n",
    "    \n",
    "    \n",
    "    # Rotation matrix around the z-axis\n",
    "    Rz = np.array([[np.cos(theta), 0, -np.sin(theta)],\n",
    "                   [0, 1, 0],\n",
    "                   [np.sin(theta), 0, np.cos(theta)]])\n",
    "    \n",
    "    print(Rz)\n",
    "\n",
    "    # Combined rotation matrix (Rz first, then Rx)\n",
    "    R = np.dot(Rz, Rx)\n",
    "\n",
    "    return R\n",
    "\n",
    "r, theta, phi = cartesian_to_spherical(h[0], h[1], h[2])"
   ]
  },
  {
   "cell_type": "code",
   "execution_count": 93,
   "id": "faf81cc3",
   "metadata": {},
   "outputs": [],
   "source": [
    "import scipy\n",
    "U2 = scipy.linalg.expm(-1j * theta * Sy)"
   ]
  },
  {
   "cell_type": "code",
   "execution_count": 99,
   "id": "4dbaa5b0",
   "metadata": {},
   "outputs": [
    {
     "data": {
      "text/plain": [
       "array([[ 0.12126782+0.j,  0.48507127+0.j],\n",
       "       [ 0.48507127+0.j, -0.12126782+0.j]])"
      ]
     },
     "execution_count": 99,
     "metadata": {},
     "output_type": "execute_result"
    }
   ],
   "source": [
    "U2.T.conj() @ Sx @ U2"
   ]
  },
  {
   "cell_type": "code",
   "execution_count": 105,
   "id": "854f9ba2",
   "metadata": {},
   "outputs": [
    {
     "name": "stdout",
     "output_type": "stream",
     "text": [
      "[[ 0.99500417  0.         -0.09983342]\n",
      " [ 0.          1.          0.        ]\n",
      " [ 0.09983342  0.          0.99500417]]\n"
     ]
    },
    {
     "data": {
      "text/plain": [
       "array([-1.39167987, -1.10832013,  0.9091528 ,  1.5908472 ])"
      ]
     },
     "execution_count": 105,
     "metadata": {},
     "output_type": "execute_result"
    }
   ],
   "source": [
    "J = np.array([-1, 5, 0.3])\n",
    "h = np.array([0, 0, 0])\n",
    "rot = (np.pi/2 - theta)/2\n",
    "R = rotation_matrix(0.1, phi)\n",
    "\n",
    "\n",
    "h = R.T @ R.T @ h\n",
    "J = R.T @ J\n",
    "h_single = h[2] * Sz + h[0] * Sx\n",
    "h_single = np.kron(h_single, I2) + np.kron(I2, h_single)\n",
    "\n",
    "H = J[0] * SxSx + J[1] * SySy + J[2] * SzSz + h_single\n",
    "np.linalg.eigvalsh(H)"
   ]
  },
  {
   "cell_type": "code",
   "execution_count": 109,
   "id": "ed1a8ed2",
   "metadata": {},
   "outputs": [
    {
     "data": {
      "text/plain": [
       "(16, 16)"
      ]
     },
     "execution_count": 109,
     "metadata": {},
     "output_type": "execute_result"
    }
   ],
   "source": [
    "H.shape"
   ]
  },
  {
   "cell_type": "code",
   "execution_count": 225,
   "id": "f86aaafd",
   "metadata": {
    "scrolled": true
   },
   "outputs": [],
   "source": [
    "import scipy\n",
    "A = np.random.rand(4,4)\n",
    "A = A - A.T\n",
    "C = np.random.normal(size=(16, 16))\n",
    "C = C + C.T\n",
    "C += np.eye(C.shape[0])\n",
    "S = np.sign(C)\n",
    "lr = 0.001\n",
    "u = scipy.linalg.expm(lr * A)\n",
    "U = np.kron(u,u)\n",
    "B = U @ C @ U.T"
   ]
  },
  {
   "cell_type": "code",
   "execution_count": 226,
   "id": "5096f916",
   "metadata": {},
   "outputs": [],
   "source": []
  },
  {
   "cell_type": "code",
   "execution_count": 227,
   "id": "13bd21d4",
   "metadata": {},
   "outputs": [],
   "source": [
    "A_kron = np.kron(np.eye(4), A) + np.kron(A, np.eye(4))\n",
    "V = lr * S * (A_kron @ C - C @ A_kron)"
   ]
  },
  {
   "cell_type": "code",
   "execution_count": 228,
   "id": "d4b450c2",
   "metadata": {},
   "outputs": [
    {
     "data": {
      "text/plain": [
       "3.32892918971711e-05"
      ]
     },
     "execution_count": 228,
     "metadata": {},
     "output_type": "execute_result"
    }
   ],
   "source": [
    "D = np.abs(B) - np.abs(C) \n",
    "np.linalg.norm(D - V)"
   ]
  },
  {
   "cell_type": "code",
   "execution_count": 235,
   "id": "a48dc3b4",
   "metadata": {},
   "outputs": [],
   "source": [
    "Ec, Vc = np.linalg.eigh(np.abs(C))\n",
    "Eb, Vb = np.linalg.eigh(np.abs(B))"
   ]
  },
  {
   "cell_type": "code",
   "execution_count": 236,
   "id": "ff30da13",
   "metadata": {},
   "outputs": [
    {
     "data": {
      "text/plain": [
       "0.0015303424247277374"
      ]
     },
     "execution_count": 236,
     "metadata": {},
     "output_type": "execute_result"
    }
   ],
   "source": [
    "Vc[:,-1] @(np.abs(B) - np.abs(C)) @ Vc[:,-1]"
   ]
  },
  {
   "cell_type": "code",
   "execution_count": 231,
   "id": "789022fe",
   "metadata": {},
   "outputs": [
    {
     "data": {
      "text/plain": [
       "0.0015471042778119751"
      ]
     },
     "execution_count": 231,
     "metadata": {},
     "output_type": "execute_result"
    }
   ],
   "source": [
    "Vc[:,-1] @ V @ Vc[:,-1]"
   ]
  },
  {
   "cell_type": "code",
   "execution_count": 169,
   "id": "68d9e75d",
   "metadata": {},
   "outputs": [
    {
     "data": {
      "text/plain": [
       "0.0005381927101524298"
      ]
     },
     "execution_count": 169,
     "metadata": {},
     "output_type": "execute_result"
    }
   ],
   "source": [
    "Ec[-1] - Eb[-1]"
   ]
  },
  {
   "cell_type": "code",
   "execution_count": null,
   "id": "f80fdfaa",
   "metadata": {},
   "outputs": [],
   "source": []
  },
  {
   "cell_type": "code",
   "execution_count": 244,
   "id": "48af0929",
   "metadata": {},
   "outputs": [],
   "source": [
    "A = np.random.rand(4,4)\n",
    "A = A - A.T\n",
    "C = np.random.normal(size=(16, 16))\n",
    "C = np.copy(H)\n",
    "C += np.eye(C.shape[0])\n",
    "S = np.sign(C)"
   ]
  },
  {
   "cell_type": "code",
   "execution_count": 245,
   "id": "da3435ad",
   "metadata": {},
   "outputs": [],
   "source": [
    "lr = 0.001\n",
    "u = scipy.linalg.expm(lr * A)\n",
    "U = np.kron(u,u)\n",
    "B = U @ C @ U.T"
   ]
  },
  {
   "cell_type": "code",
   "execution_count": 246,
   "id": "6256ef1a",
   "metadata": {},
   "outputs": [],
   "source": [
    "Ec, Vc = np.linalg.eigh(np.abs(C))\n",
    "Eb, Vb = np.linalg.eigh(np.abs(B))"
   ]
  },
  {
   "cell_type": "code",
   "execution_count": 247,
   "id": "b1dcdd6d",
   "metadata": {},
   "outputs": [
    {
     "data": {
      "text/plain": [
       "2.250000000000001"
      ]
     },
     "execution_count": 247,
     "metadata": {},
     "output_type": "execute_result"
    }
   ],
   "source": [
    "Ec[-1]"
   ]
  },
  {
   "cell_type": "code",
   "execution_count": 248,
   "id": "f372a08c",
   "metadata": {},
   "outputs": [
    {
     "data": {
      "text/plain": [
       "2.2502670342126136"
      ]
     },
     "execution_count": 248,
     "metadata": {},
     "output_type": "execute_result"
    }
   ],
   "source": [
    "Eb[-1]"
   ]
  },
  {
   "cell_type": "code",
   "execution_count": 240,
   "id": "80c04c9f",
   "metadata": {},
   "outputs": [],
   "source": [
    "D = U @ C @ U.T - C\n",
    "DS = np.round(S * D,3)"
   ]
  },
  {
   "cell_type": "code",
   "execution_count": 241,
   "id": "6715206e",
   "metadata": {
    "collapsed": true
   },
   "outputs": [
    {
     "data": {
      "text/plain": [
       "array([[-1.18461542e-06, -1.93680935e-04, -5.81763744e-04,\n",
       "        -5.39955093e-04, -5.81570727e-04, -2.69953816e-04,\n",
       "        -2.70171237e-04, -3.51983840e-07, -1.93993391e-04,\n",
       "        -2.69870533e-04, -2.69787398e-04, -6.66706471e-08,\n",
       "        -5.40050845e-04, -6.68596866e-08, -4.85459433e-07,\n",
       "        -5.83070183e-07],\n",
       "       [-1.93680935e-04,  7.66723266e-05,  7.71463330e-05,\n",
       "        -3.17806155e-05, -7.69838853e-05, -2.53773342e-04,\n",
       "        -1.64031060e-04, -5.97740598e-08, -2.00875133e-07,\n",
       "        -3.57838347e-04, -5.98006983e-08, -2.69978013e-04,\n",
       "        -1.64012402e-04, -2.70032760e-04, -1.90728072e-07,\n",
       "        -2.22627374e-07],\n",
       "       [-5.81763744e-04,  7.71463330e-05, -7.66575617e-05,\n",
       "        -3.03610107e-05,  5.40528653e-07, -2.04295561e-04,\n",
       "        -9.16181335e-05, -2.69962621e-04,  7.69992451e-05,\n",
       "        -1.02248812e-04, -1.93817827e-04, -6.70275139e-08,\n",
       "        -2.25256559e-04, -8.98186882e-09, -2.70001710e-04,\n",
       "        -6.64013536e-08],\n",
       "       [-5.39955093e-04, -3.17806155e-05, -3.03610107e-05,\n",
       "         5.68200693e-07, -4.01293223e-05, -7.67774042e-05,\n",
       "         7.72644768e-05, -3.18153084e-05, -1.02248792e-04,\n",
       "         7.72642919e-05, -7.70913026e-05, -3.01306111e-05,\n",
       "        -5.98325467e-07, -2.25838155e-04, -1.63832455e-04,\n",
       "        -5.39858168e-04],\n",
       "       [-5.81570727e-04, -7.69838853e-05,  5.40528653e-07,\n",
       "        -4.01293223e-05,  7.72954440e-05, -1.93862221e-04,\n",
       "        -2.97947054e-05, -2.69906034e-04, -7.68066795e-05,\n",
       "        -1.64012582e-04, -3.27882718e-04, -1.09593134e-07,\n",
       "        -9.21024638e-05, -6.69517791e-08, -2.69896878e-04,\n",
       "        -6.68740781e-08],\n",
       "       [-2.69953816e-04, -2.53773342e-04, -2.04295561e-04,\n",
       "        -7.67774042e-05, -1.93862221e-04,  1.54197268e-04,\n",
       "         7.30064454e-08, -1.22091593e-05, -2.08470866e-07,\n",
       "         1.36729071e-07, -1.33970084e-07, -3.27882823e-04,\n",
       "        -7.69575477e-05, -7.20556345e-05, -5.97675663e-08,\n",
       "        -2.70087784e-04],\n",
       "       [-2.70171237e-04, -1.64031060e-04, -9.16181335e-05,\n",
       "         7.72644768e-05, -2.97947054e-05,  7.30064454e-08,\n",
       "         1.97710674e-08, -1.74372319e-04, -1.02192361e-04,\n",
       "        -1.49243911e-07, -2.28313635e-08, -1.63832765e-04,\n",
       "        -7.67844565e-05, -1.02084215e-04, -2.36218076e-04,\n",
       "        -2.70004513e-04],\n",
       "       [-3.51983840e-07, -5.97740598e-08, -2.69962621e-04,\n",
       "        -3.18153084e-05, -2.69906034e-04, -1.22091593e-05,\n",
       "        -1.74372319e-04,  7.68677069e-05, -4.13443648e-08,\n",
       "        -1.02065765e-04, -2.08503910e-07,  7.70826472e-05,\n",
       "        -1.02084065e-04, -7.70497927e-05, -2.00838318e-07,\n",
       "        -7.22175860e-05],\n",
       "       [-1.93993391e-04, -2.00875133e-07,  7.69992451e-05,\n",
       "        -1.02248792e-04, -7.68066795e-05, -2.08470866e-07,\n",
       "        -1.02192361e-04, -4.13443648e-08, -7.73409286e-05,\n",
       "        -2.96059307e-04, -3.77345375e-04, -2.70068480e-04,\n",
       "        -1.53368778e-04, -2.69912294e-04, -2.57808197e-10,\n",
       "        -8.93142510e-08],\n",
       "       [-2.69870533e-04, -3.57838347e-04, -1.02248812e-04,\n",
       "         7.72642919e-05, -1.64012582e-04,  1.36729071e-07,\n",
       "        -1.49243911e-07, -1.02065765e-04, -2.96059307e-04,\n",
       "         2.78716755e-07,  1.72432205e-07, -9.15039164e-05,\n",
       "        -7.67846414e-05, -2.97776615e-05, -1.63889227e-04,\n",
       "        -2.69962795e-04],\n",
       "       [-2.69787398e-04, -5.98006983e-08, -1.93817827e-04,\n",
       "        -7.70913026e-05, -3.27882718e-04, -1.33970084e-07,\n",
       "        -2.28313634e-08, -2.08503910e-07, -3.77345375e-04,\n",
       "         1.72432205e-07, -1.53780402e-04, -7.20486105e-05,\n",
       "         7.73315536e-05, -2.04295602e-04, -1.11280856e-04,\n",
       "        -2.69921388e-04],\n",
       "       [-6.66706471e-08, -2.69978013e-04, -6.70275139e-08,\n",
       "        -3.01306111e-05, -1.09593134e-07, -3.27882823e-04,\n",
       "        -1.63832765e-04,  7.70826472e-05, -2.70068480e-04,\n",
       "        -9.15039164e-05, -7.20486105e-05, -7.68527329e-05,\n",
       "        -4.04288287e-05,  2.81579273e-07,  7.70649435e-05,\n",
       "        -2.16612098e-04],\n",
       "       [-5.40050845e-04, -1.64012402e-04, -2.25256559e-04,\n",
       "        -5.98325467e-07, -9.21024638e-05, -7.69575477e-05,\n",
       "        -7.67844565e-05, -1.02084065e-04, -1.53368778e-04,\n",
       "        -7.67846414e-05,  7.73315536e-05, -4.04288287e-05,\n",
       "         6.28450240e-07, -9.19387815e-05, -1.53534237e-04,\n",
       "        -5.39893813e-04],\n",
       "       [-6.68596866e-08, -2.70032760e-04, -8.98186882e-09,\n",
       "        -2.25838155e-04, -6.69517791e-08, -7.20556345e-05,\n",
       "        -1.02084215e-04, -7.70497927e-05, -2.69912294e-04,\n",
       "        -2.97776615e-05, -2.04295602e-04,  2.81579273e-07,\n",
       "        -9.19387815e-05,  7.72318785e-05, -7.70019062e-05,\n",
       "        -2.16456373e-04],\n",
       "       [-4.85459433e-07, -1.90728072e-07, -2.70001710e-04,\n",
       "        -1.63832455e-04, -2.69896878e-04, -5.97675663e-08,\n",
       "        -2.36218076e-04, -2.00838318e-07, -2.57808197e-10,\n",
       "        -1.63889227e-04, -1.11280856e-04,  7.70649435e-05,\n",
       "        -1.53534237e-04, -7.70019062e-05, -7.72771541e-05,\n",
       "        -7.24177630e-05],\n",
       "       [-5.83070183e-07, -2.22627374e-07, -6.64013536e-08,\n",
       "        -5.39858168e-04, -6.68740781e-08, -2.70087784e-04,\n",
       "        -2.70004513e-04, -7.22175860e-05, -8.93142510e-08,\n",
       "        -2.69962795e-04, -2.69921388e-04, -2.16612098e-04,\n",
       "        -5.39893813e-04, -2.16456373e-04, -7.24177630e-05,\n",
       "        -6.66368435e-07]])"
      ]
     },
     "execution_count": 241,
     "metadata": {},
     "output_type": "execute_result"
    }
   ],
   "source": [
    "np.abs(C) - np.abs(B)"
   ]
  },
  {
   "cell_type": "code",
   "execution_count": 249,
   "id": "f8b834ca",
   "metadata": {},
   "outputs": [
    {
     "data": {
      "text/plain": [
       "-0.0002594141697731783"
      ]
     },
     "execution_count": 249,
     "metadata": {},
     "output_type": "execute_result"
    }
   ],
   "source": [
    "Vc[:,-1] @(np.abs(C) - np.abs(B)) @ Vc[:,-1]"
   ]
  },
  {
   "cell_type": "code",
   "execution_count": 250,
   "id": "9848646b",
   "metadata": {},
   "outputs": [
    {
     "data": {
      "text/plain": [
       "-0.00026703421261276006"
      ]
     },
     "execution_count": 250,
     "metadata": {},
     "output_type": "execute_result"
    }
   ],
   "source": [
    "Ec[-1] - Eb[-1]"
   ]
  },
  {
   "cell_type": "code",
   "execution_count": 265,
   "id": "430193a2",
   "metadata": {
    "scrolled": true
   },
   "outputs": [
    {
     "data": {
      "text/plain": [
       "array([[ 0.        ,  0.        , -0.        ,  0.        ,  0.        ,\n",
       "        -0.        , -0.        ,  0.        , -0.        , -0.        ,\n",
       "        -0.        ,  0.        ,  0.        ,  0.        ,  0.        ,\n",
       "         0.        ],\n",
       "       [ 0.        ,  0.17394196,  0.17394196, -0.        , -0.17394196,\n",
       "         0.        ,  0.        ,  0.        ,  0.        ,  0.        ,\n",
       "         0.        , -0.        , -0.        ,  0.        ,  0.        ,\n",
       "         0.        ],\n",
       "       [-0.        ,  0.17394196, -0.17394196, -0.        , -0.        ,\n",
       "        -0.        , -0.        ,  0.        ,  0.17394196, -0.        ,\n",
       "        -0.        ,  0.        , -0.        ,  0.        , -0.        ,\n",
       "         0.        ],\n",
       "       [ 0.        , -0.        , -0.        ,  0.        , -0.        ,\n",
       "        -0.17394196,  0.17394196, -0.        ,  0.        ,  0.17394196,\n",
       "        -0.        , -0.        ,  0.        , -0.        , -0.        ,\n",
       "        -0.        ],\n",
       "       [ 0.        , -0.17394196, -0.        , -0.        ,  0.17394196,\n",
       "         0.        ,  0.        , -0.        , -0.17394196,  0.        ,\n",
       "         0.        ,  0.        ,  0.        ,  0.        ,  0.        ,\n",
       "         0.        ],\n",
       "       [-0.        ,  0.        , -0.        , -0.17394196,  0.        ,\n",
       "         0.34788392, -0.        ,  0.        ,  0.        , -0.        ,\n",
       "         0.        ,  0.        ,  0.        ,  0.        ,  0.        ,\n",
       "         0.        ],\n",
       "       [-0.        ,  0.        , -0.        ,  0.17394196,  0.        ,\n",
       "        -0.        ,  0.        , -0.        , -0.        ,  0.        ,\n",
       "        -0.        ,  0.        , -0.17394196, -0.        ,  0.        ,\n",
       "         0.        ],\n",
       "       [ 0.        ,  0.        ,  0.        , -0.        , -0.        ,\n",
       "         0.        , -0.        ,  0.17394196,  0.        , -0.        ,\n",
       "         0.        ,  0.17394196,  0.        , -0.17394196,  0.        ,\n",
       "         0.        ],\n",
       "       [-0.        ,  0.        ,  0.17394196,  0.        , -0.17394196,\n",
       "         0.        , -0.        ,  0.        , -0.17394196,  0.        ,\n",
       "        -0.        ,  0.        ,  0.        , -0.        ,  0.        ,\n",
       "         0.        ],\n",
       "       [-0.        ,  0.        , -0.        ,  0.17394196,  0.        ,\n",
       "        -0.        ,  0.        , -0.        ,  0.        ,  0.        ,\n",
       "        -0.        , -0.        , -0.17394196,  0.        ,  0.        ,\n",
       "         0.        ],\n",
       "       [-0.        ,  0.        , -0.        , -0.        ,  0.        ,\n",
       "         0.        , -0.        ,  0.        , -0.        , -0.        ,\n",
       "        -0.34788392, -0.        ,  0.17394196, -0.        , -0.        ,\n",
       "         0.        ],\n",
       "       [ 0.        , -0.        ,  0.        , -0.        ,  0.        ,\n",
       "         0.        ,  0.        ,  0.17394196,  0.        , -0.        ,\n",
       "        -0.        , -0.17394196, -0.        , -0.        ,  0.17394196,\n",
       "        -0.        ],\n",
       "       [ 0.        , -0.        , -0.        ,  0.        ,  0.        ,\n",
       "         0.        , -0.17394196,  0.        ,  0.        , -0.17394196,\n",
       "         0.17394196, -0.        ,  0.        ,  0.        ,  0.        ,\n",
       "        -0.        ],\n",
       "       [ 0.        ,  0.        ,  0.        , -0.        ,  0.        ,\n",
       "         0.        , -0.        , -0.17394196, -0.        ,  0.        ,\n",
       "        -0.        , -0.        ,  0.        ,  0.17394196, -0.17394196,\n",
       "         0.        ],\n",
       "       [ 0.        ,  0.        , -0.        , -0.        ,  0.        ,\n",
       "         0.        ,  0.        ,  0.        ,  0.        ,  0.        ,\n",
       "        -0.        ,  0.17394196,  0.        , -0.17394196, -0.17394196,\n",
       "        -0.        ],\n",
       "       [ 0.        ,  0.        ,  0.        , -0.        ,  0.        ,\n",
       "         0.        ,  0.        ,  0.        ,  0.        ,  0.        ,\n",
       "         0.        , -0.        , -0.        ,  0.        , -0.        ,\n",
       "         0.        ]])"
      ]
     },
     "execution_count": 265,
     "metadata": {},
     "output_type": "execute_result"
    }
   ],
   "source": [
    "(C @ A_kron - A_kron @ C)*S"
   ]
  },
  {
   "cell_type": "markdown",
   "id": "e410f154",
   "metadata": {},
   "source": [
    "## Optimize random Hamiltonian"
   ]
  },
  {
   "cell_type": "code",
   "execution_count": 72,
   "id": "2c1a1039",
   "metadata": {},
   "outputs": [],
   "source": [
    "# A = np.array([\n",
    "#     [1, -1, 1, 1],\n",
    "#     [-1, 1, 1, 1],\n",
    "#     [1, 1, 1, -1],\n",
    "#     [1,1,-1,1]\n",
    "# ])\n",
    "\n",
    "# e_, v_ = np.linalg.eigh(A)\n",
    "# v_ = np.ones(4)\n",
    "# v_ /= np.linalg.norm(v_)\n",
    "# v_ @ A @ v_\n",
    "\n",
    "# A = -A\n",
    "# A = A"
   ]
  },
  {
   "cell_type": "code",
   "execution_count": 273,
   "id": "26fd1dfa",
   "metadata": {},
   "outputs": [
    {
     "data": {
      "text/plain": [
       "tensor(0.5092, dtype=torch.float64, grad_fn=<SubBackward0>)"
      ]
     },
     "execution_count": 273,
     "metadata": {},
     "output_type": "execute_result"
    }
   ],
   "source": [
    "import scipy\n",
    "import utils\n",
    "sps = 2\n",
    "A = np.random.normal(size=(sps**2, sps**2))\n",
    "A = A + A.T\n",
    "A -= np.eye(sps**2) * 4\n",
    "h_list = [A]\n",
    "\n",
    "\n",
    "loss = rms_torch.SystemQUasiEnergyLoss(h_list, device=\"cpu\")\n",
    "model = rms_torch.UnitaryRieman(\n",
    "    h_list[0].shape[1], sps**2, device=\"cpu\").to(\"cpu\")\n",
    "model.reset_params(torch.from_numpy(np.eye(sps**2)))\n",
    "loss(model())"
   ]
  },
  {
   "cell_type": "code",
   "execution_count": 492,
   "id": "e700d355",
   "metadata": {},
   "outputs": [
    {
     "data": {
      "text/plain": [
       "array([[-2.31274089, -0.93901353, -0.78545499, -0.26137985],\n",
       "       [-0.93901353, -1.17831392, -1.41273449, -1.11019503],\n",
       "       [-0.78545499, -1.41273449, -2.16918455, -0.70392968],\n",
       "       [-0.26137985, -1.11019503, -0.70392968, -2.7440262 ]])"
      ]
     },
     "execution_count": 492,
     "metadata": {},
     "output_type": "execute_result"
    }
   ],
   "source": [
    "A"
   ]
  },
  {
   "cell_type": "code",
   "execution_count": 559,
   "id": "6a0a9747",
   "metadata": {
    "scrolled": false
   },
   "outputs": [
    {
     "name": "stdout",
     "output_type": "stream",
     "text": [
      "6.699791217635056 6.679930652931976\n",
      "6.259439346765696 6.259496743453688\n",
      "10\n",
      "7.838845440671097 7.8370649076280685\n",
      "7.770474012499193 7.770473623695814\n",
      "12\n",
      "6.047088509726684 6.045013473481923\n",
      "5.995755905585554 5.995731876760878\n",
      "14\n",
      "9.147842719267086 9.14180308619018\n",
      "7.4165680899814745 7.416585523439256\n",
      "4\n",
      "7.279489019512738 7.276258250059314\n",
      "7.19064026437643 7.1906835616219205\n",
      "6\n",
      "5.287237055964649 5.286847714615174\n"
     ]
    },
    {
     "ename": "KeyboardInterrupt",
     "evalue": "",
     "output_type": "error",
     "traceback": [
      "\u001b[0;31m---------------------------------------------------------------------------\u001b[0m",
      "\u001b[0;31mKeyboardInterrupt\u001b[0m                         Traceback (most recent call last)",
      "Cell \u001b[0;32mIn[559], line 47\u001b[0m\n\u001b[1;32m     45\u001b[0m i \u001b[38;5;241m=\u001b[39m \u001b[38;5;241m0\u001b[39m\n\u001b[1;32m     46\u001b[0m \u001b[38;5;28;01mwhile\u001b[39;00m (\u001b[38;5;28;01mTrue\u001b[39;00m):\n\u001b[0;32m---> 47\u001b[0m     \u001b[43moptimizer\u001b[49m\u001b[38;5;241;43m.\u001b[39;49m\u001b[43mzero_grad\u001b[49m\u001b[43m(\u001b[49m\u001b[43m)\u001b[49m\n\u001b[1;32m     48\u001b[0m     output \u001b[38;5;241m=\u001b[39m model()\n\u001b[1;32m     49\u001b[0m     loss_val \u001b[38;5;241m=\u001b[39m loss(output)\n",
      "File \u001b[0;32m~/Documents/todo/worms/env/lib/python3.9/site-packages/torch/_compile.py:24\u001b[0m, in \u001b[0;36m_disable_dynamo.<locals>.inner\u001b[0;34m(*args, **kwargs)\u001b[0m\n\u001b[1;32m     20\u001b[0m \u001b[38;5;129m@functools\u001b[39m\u001b[38;5;241m.\u001b[39mwraps(fn)\n\u001b[1;32m     21\u001b[0m \u001b[38;5;28;01mdef\u001b[39;00m \u001b[38;5;21minner\u001b[39m(\u001b[38;5;241m*\u001b[39margs, \u001b[38;5;241m*\u001b[39m\u001b[38;5;241m*\u001b[39mkwargs):\n\u001b[1;32m     22\u001b[0m     \u001b[38;5;28;01mimport\u001b[39;00m \u001b[38;5;21;01mtorch\u001b[39;00m\u001b[38;5;21;01m.\u001b[39;00m\u001b[38;5;21;01m_dynamo\u001b[39;00m\n\u001b[0;32m---> 24\u001b[0m     \u001b[38;5;28;01mreturn\u001b[39;00m \u001b[43mtorch\u001b[49m\u001b[38;5;241;43m.\u001b[39;49m\u001b[43m_dynamo\u001b[49m\u001b[38;5;241;43m.\u001b[39;49m\u001b[43mdisable\u001b[49m\u001b[43m(\u001b[49m\u001b[43mfn\u001b[49m\u001b[43m,\u001b[49m\u001b[43m \u001b[49m\u001b[43mrecursive\u001b[49m\u001b[43m)\u001b[49m(\u001b[38;5;241m*\u001b[39margs, \u001b[38;5;241m*\u001b[39m\u001b[38;5;241m*\u001b[39mkwargs)\n",
      "File \u001b[0;32m~/Documents/todo/worms/env/lib/python3.9/site-packages/torch/_dynamo/decorators.py:47\u001b[0m, in \u001b[0;36mdisable\u001b[0;34m(fn, recursive)\u001b[0m\n\u001b[1;32m     45\u001b[0m         fn \u001b[38;5;241m=\u001b[39m innermost_fn(fn)\n\u001b[1;32m     46\u001b[0m         \u001b[38;5;28;01massert\u001b[39;00m \u001b[38;5;28mcallable\u001b[39m(fn)\n\u001b[0;32m---> 47\u001b[0m         \u001b[38;5;28;01mreturn\u001b[39;00m \u001b[43mDisableContext\u001b[49m\u001b[43m(\u001b[49m\u001b[43m)\u001b[49m\u001b[43m(\u001b[49m\u001b[43mfn\u001b[49m\u001b[43m)\u001b[49m\n\u001b[1;32m     48\u001b[0m     \u001b[38;5;28;01mreturn\u001b[39;00m DisableContext()\n\u001b[1;32m     49\u001b[0m \u001b[38;5;28;01melse\u001b[39;00m:\n",
      "File \u001b[0;32m~/Documents/todo/worms/env/lib/python3.9/site-packages/torch/_dynamo/eval_frame.py:290\u001b[0m, in \u001b[0;36m_TorchDynamoContext.__call__\u001b[0;34m(self, fn)\u001b[0m\n\u001b[1;32m    287\u001b[0m \u001b[38;5;28;01massert\u001b[39;00m \u001b[38;5;28mcallable\u001b[39m(fn)\n\u001b[1;32m    289\u001b[0m \u001b[38;5;28;01mtry\u001b[39;00m:\n\u001b[0;32m--> 290\u001b[0m     filename \u001b[38;5;241m=\u001b[39m \u001b[43minspect\u001b[49m\u001b[38;5;241;43m.\u001b[39;49m\u001b[43mgetsourcefile\u001b[49m\u001b[43m(\u001b[49m\u001b[43mfn\u001b[49m\u001b[43m)\u001b[49m\n\u001b[1;32m    291\u001b[0m \u001b[38;5;28;01mexcept\u001b[39;00m \u001b[38;5;167;01mTypeError\u001b[39;00m:\n\u001b[1;32m    292\u001b[0m     filename \u001b[38;5;241m=\u001b[39m \u001b[38;5;28;01mNone\u001b[39;00m\n",
      "File \u001b[0;32m~/Documents/todo/worms/env/lib/python3.9/inspect.py:706\u001b[0m, in \u001b[0;36mgetsourcefile\u001b[0;34m(object)\u001b[0m\n\u001b[1;32m    703\u001b[0m \u001b[38;5;28;01melif\u001b[39;00m \u001b[38;5;28many\u001b[39m(filename\u001b[38;5;241m.\u001b[39mendswith(s) \u001b[38;5;28;01mfor\u001b[39;00m s \u001b[38;5;129;01min\u001b[39;00m\n\u001b[1;32m    704\u001b[0m              importlib\u001b[38;5;241m.\u001b[39mmachinery\u001b[38;5;241m.\u001b[39mEXTENSION_SUFFIXES):\n\u001b[1;32m    705\u001b[0m     \u001b[38;5;28;01mreturn\u001b[39;00m \u001b[38;5;28;01mNone\u001b[39;00m\n\u001b[0;32m--> 706\u001b[0m \u001b[38;5;28;01mif\u001b[39;00m \u001b[43mos\u001b[49m\u001b[38;5;241;43m.\u001b[39;49m\u001b[43mpath\u001b[49m\u001b[38;5;241;43m.\u001b[39;49m\u001b[43mexists\u001b[49m\u001b[43m(\u001b[49m\u001b[43mfilename\u001b[49m\u001b[43m)\u001b[49m:\n\u001b[1;32m    707\u001b[0m     \u001b[38;5;28;01mreturn\u001b[39;00m filename\n\u001b[1;32m    708\u001b[0m \u001b[38;5;66;03m# only return a non-existent filename if the module has a PEP 302 loader\u001b[39;00m\n",
      "File \u001b[0;32m~/Documents/todo/worms/env/lib/python3.9/genericpath.py:19\u001b[0m, in \u001b[0;36mexists\u001b[0;34m(path)\u001b[0m\n\u001b[1;32m     17\u001b[0m \u001b[38;5;250m\u001b[39m\u001b[38;5;124;03m\"\"\"Test whether a path exists.  Returns False for broken symbolic links\"\"\"\u001b[39;00m\n\u001b[1;32m     18\u001b[0m \u001b[38;5;28;01mtry\u001b[39;00m:\n\u001b[0;32m---> 19\u001b[0m     \u001b[43mos\u001b[49m\u001b[38;5;241;43m.\u001b[39;49m\u001b[43mstat\u001b[49m\u001b[43m(\u001b[49m\u001b[43mpath\u001b[49m\u001b[43m)\u001b[49m\n\u001b[1;32m     20\u001b[0m \u001b[38;5;28;01mexcept\u001b[39;00m (\u001b[38;5;167;01mOSError\u001b[39;00m, \u001b[38;5;167;01mValueError\u001b[39;00m):\n\u001b[1;32m     21\u001b[0m     \u001b[38;5;28;01mreturn\u001b[39;00m \u001b[38;5;28;01mFalse\u001b[39;00m\n",
      "\u001b[0;31mKeyboardInterrupt\u001b[0m: "
     ]
    }
   ],
   "source": [
    "sps = 4\n",
    "for j in range(100):\n",
    "    for _ in range(100):\n",
    "        A = -np.random.normal(size=(sps**2, sps**2))\n",
    "        A = A + A.T\n",
    "        A -= np.eye(sps**2) * 4\n",
    "        h_list = [A]\n",
    "        loss = rms_torch.SystemQUasiEnergyLoss(h_list, device=\"cpu\")\n",
    "        model = rms_torch.UnitaryRieman(\n",
    "            h_list[0].shape[1], sps, device=\"cpu\").to(\"cpu\")\n",
    "        model.reset_params(torch.from_numpy(np.eye(sps)))\n",
    "        loss(model())\n",
    "\n",
    "        optimizer = rms_torch.Adam(model.parameters(),lr=0.01)\n",
    "\n",
    "        prev_loss = None\n",
    "        pu = 100\n",
    "        sign_list = []\n",
    "        for _ in range(100000):\n",
    "            optimizer.zero_grad()\n",
    "            output = model()\n",
    "            loss_val = loss(output)\n",
    "            loss_val_item = loss_val.item()\n",
    "            loss_val.backward()\n",
    "            for p in model.parameters():\n",
    "                grad = p.grad\n",
    "                if grad is not None:\n",
    "                    grad.data[:] = rms_torch.riemannian_grad_torch(p.data, grad)\n",
    "            optimizer.step()\n",
    "            u1 = list(model.parameters())[0].detach().numpy()\n",
    "            if prev_loss is not None:\n",
    "                if (prev_loss < loss_val_item):\n",
    "                    break\n",
    "            prev_loss = np.copy(loss_val_item)\n",
    "            pu = np.copy(u1)\n",
    "        print(loss_val_item, prev_loss)\n",
    "        if loss_val_item > 1e-2:\n",
    "            break\n",
    "\n",
    "    optimizer = rms_torch.Adam(model.parameters(),lr=0.00005)\n",
    "\n",
    "    prev_loss = None\n",
    "    pu = 100\n",
    "    sign_list = []\n",
    "    i = 0\n",
    "    while (True):\n",
    "        optimizer.zero_grad()\n",
    "        output = model()\n",
    "        loss_val = loss(output)\n",
    "        loss_val_item = loss_val.item()\n",
    "        loss_val.backward()\n",
    "        for p in model.parameters():\n",
    "            grad = p.grad\n",
    "            if grad is not None:\n",
    "                grad.data[:] = rms_torch.riemannian_grad_torch(p.data, grad)\n",
    "        optimizer.step()\n",
    "        u1 = list(model.parameters())[0].detach().numpy()\n",
    "    #     if prev_loss is not None:\n",
    "    #         if (prev_loss < loss_val_item):\n",
    "    #             break\n",
    "        if i == 5000: \n",
    "            break\n",
    "        prev_loss = np.copy(loss_val_item)\n",
    "        pu = np.copy(u1)\n",
    "        i += 1\n",
    "    print(loss_val_item, prev_loss)\n",
    "#     U1 = u1\n",
    "#     Pu = pu\n",
    "    U1 = np.kron(u1, u1)\n",
    "    Pu = np.kron(pu, pu)\n",
    "    if np.sum(np.abs(U1@h_list[0]@U1.T) < 0.001) != 0:\n",
    "        print(np.sum(np.abs(U1@h_list[0]@U1.T) < 0.001))\n",
    "    else:\n",
    "        print(\"Optimize finish\")\n",
    "        break"
   ]
  },
  {
   "cell_type": "code",
   "execution_count": 496,
   "id": "6bb0baf0",
   "metadata": {},
   "outputs": [
    {
     "name": "stdout",
     "output_type": "stream",
     "text": [
      "0.05922972666430404 0.05922972666430404\n",
      "0.05922972666430404 0.05922972666430404\n",
      "0.05922972666430404 0.05922972666430404\n",
      "0.05922972666430404 0.05922972666430404\n",
      "0.05922972666430404 0.05922972666430404\n",
      "0.05922972666430404 0.05922972666430404\n",
      "0.05922972666430404 0.05922972666430404\n",
      "0.05922972666430404 0.05922972666430404\n",
      "0.05922972666430404 0.05922972666430404\n",
      "0.05922972666430404 0.05922972666430404\n",
      "0.05922972666430404 0.05922972666430404\n",
      "0.05922972666430404 0.05922972666430404\n",
      "0.05922972666430404 0.05922972666430404\n",
      "0.05922972666430404 0.05922972666430404\n",
      "0.05922972666430404 0.05922972666430404\n",
      "0.05922972666430404 0.05922972666430404\n",
      "0.05922972666430404 0.05922972666430404\n",
      "0.05922972666430404 0.05922972666430404\n",
      "0.05922972666430404 0.05922972666430404\n",
      "0.05922972666430404 0.05922972666430404\n",
      "0.05922972666430404 0.05922972666430404\n",
      "0.05922972666430404 0.05922972666430404\n",
      "0.05922972666430404 0.05922972666430404\n",
      "0.05922972666430404 0.05922972666430404\n",
      "0.05922972666430404 0.05922972666430404\n",
      "0.05922972666430404 0.05922972666430404\n",
