{
 "cells": [
  {
   "cell_type": "code",
   "execution_count": 615,
   "id": "16ff457b",
   "metadata": {},
   "outputs": [],
   "source": [
    "import numpy as np\n",
    "import torch\n",
    "import rms_torch\n",
    "\n",
    "H = np.load(\"array/torch/MG1D_loc/J1_0.5_J2_1_J3_1/2_mel/H/0.npy\")\n",
    "# H2 = np.load(\"array/torch/HXYZ1D_loc/Jx_0.04851_Jy_5_Jz_1.043_hx_0.4123_hz_0_lt_1/H/0.npy\")\n",
    "u = np.load(\"array/torch/MG1D_loc/J1_0.5_J2_1_J3_1/2_mel/Adam/lr_0.0002_epoch_10000/loss_0.00006/u/0.npy\")\n"
   ]
  },
  {
   "cell_type": "code",
   "execution_count": 616,
   "id": "c82bca9d",
   "metadata": {},
   "outputs": [
    {
     "data": {
      "text/plain": [
       "array([[ 1.00000000e+00, -1.56990161e-15, -4.74520024e-15,\n",
       "         5.44986333e-16],\n",
       "       [-1.56990161e-15,  1.00000000e+00, -4.64550604e-16,\n",
       "         7.98024857e-15],\n",
       "       [-4.74520024e-15, -4.64550604e-16,  1.00000000e+00,\n",
       "        -7.31614484e-16],\n",
       "       [ 5.44986333e-16,  7.98024857e-15, -7.31614484e-16,\n",
       "         1.00000000e+00]])"
      ]
     },
     "execution_count": 616,
     "metadata": {},
     "output_type": "execute_result"
    }
   ],
   "source": [
    "u @ u.T"
   ]
  },
  {
   "cell_type": "code",
   "execution_count": 639,
   "id": "42532954",
   "metadata": {},
   "outputs": [],
   "source": [
    "u = np.array([\n",
    "    [0, 1, -1, 0],\n",
    "    [0, 1, 1, 0],\n",
    "    [1, 0, 0, 1],\n",
    "    [1,0,0,-1]\n",
    "]) / np.sqrt(2)"
   ]
  },
  {
   "cell_type": "code",
   "execution_count": 622,
   "id": "ae456e2a",
   "metadata": {},
   "outputs": [
    {
     "data": {
      "text/plain": [
       "tensor(-1.9984e-15, dtype=torch.float64, grad_fn=<SubBackward0>)"
      ]
     },
     "execution_count": 622,
     "metadata": {},
     "output_type": "execute_result"
    }
   ],
   "source": [
    "h_list = [-H]\n",
    "loss = rms_torch.SystemQUasiEnergyLoss(h_list, device=\"cpu\")\n",
    "model = rms_torch.UnitaryRieman(\n",
    "    h_list[0].shape[1], 4, device=\"cpu\").to(\"cpu\")\n",
    "model.reset_params(torch.from_numpy(u))\n",
    "loss(model())"
   ]
  },
  {
   "cell_type": "code",
   "execution_count": 623,
   "id": "93673682",
   "metadata": {},
   "outputs": [],
   "source": [
    "from utils import stoquastic\n",
    "import utils"
   ]
  },
  {
   "cell_type": "code",
   "execution_count": 640,
   "id": "6094fea4",
   "metadata": {},
   "outputs": [],
   "source": [
    "# u0 = np.array([\n",
    "#     [1/np.sqrt(2),0,-1/np.sqrt(2)],\n",
    "#     [1/np.sqrt(2),0,1/np.sqrt(2)],\n",
    "#     [0,1,0]\n",
    "# ])\n",
    "U = np.kron(u,u)"
   ]
  },
  {
   "cell_type": "code",
   "execution_count": 626,
   "id": "95afc932",
   "metadata": {},
   "outputs": [],
   "source": [
    "L = 4\n",
    "h1 = - H\n",
    "h2 = stoquastic(-U @ H @ U.T)\n",
    "HS1 = utils.sum_ham(h1, [[i, (i+1)%L] for i in range(L)], L, 4)\n",
    "HS2 = utils.sum_ham(h2, [[i, (i+1)%L] for i in range(L)], L, 4)"
   ]
  },
  {
   "cell_type": "code",
   "execution_count": 86,
   "id": "f8b79200",
   "metadata": {},
   "outputs": [],
   "source": [
    "e2, v2 = np.linalg.eigh(h1)\n",
    "e1, v1 = np.linalg.eigh(h2)"
   ]
  },
  {
   "cell_type": "code",
   "execution_count": 22,
   "id": "4d5a20b7",
   "metadata": {},
   "outputs": [
    {
     "data": {
      "text/plain": [
       "1.5"
      ]
     },
     "execution_count": 22,
     "metadata": {},
     "output_type": "execute_result"
    }
   ],
   "source": [
    "L * 1/2 * 3 / 4"
   ]
  },
  {
   "cell_type": "code",
   "execution_count": 445,
   "id": "e6c0a8c4",
   "metadata": {},
   "outputs": [],
   "source": [
    "J = np.array([-1, 5, 0.3])\n",
    "h = np.array([0.1, 0, 0.4])"
   ]
  },
  {
   "cell_type": "code",
   "execution_count": 313,
   "id": "70d462e0",
   "metadata": {},
   "outputs": [],
   "source": [
    "import numpy as np\n",
    "from lattice.core.constants import *"
   ]
  },
  {
   "cell_type": "code",
   "execution_count": 314,
   "id": "5b17779c",
   "metadata": {},
   "outputs": [
    {
     "data": {
      "text/plain": [
       "array([[ 0.  ,  0.  ,  0.  , -0.25],\n",
       "       [ 0.  ,  0.  ,  0.25,  0.  ],\n",
       "       [ 0.  ,  0.25,  0.  ,  0.  ],\n",
       "       [-0.25,  0.  ,  0.  ,  0.  ]])"
      ]
     },
     "execution_count": 314,
     "metadata": {},
     "output_type": "execute_result"
    }
   ],
   "source": [
    "SySy"
   ]
  },
  {
   "cell_type": "code",
   "execution_count": 315,
   "id": "3d854cbb",
   "metadata": {},
   "outputs": [
    {
     "data": {
      "text/plain": [
       "array([[ 0.25,  0.  ,  0.  ,  0.  ],\n",
       "       [ 0.  , -0.25,  0.  , -0.  ],\n",
       "       [ 0.  ,  0.  , -0.25, -0.  ],\n",
       "       [ 0.  , -0.  , -0.  ,  0.25]])"
      ]
     },
     "execution_count": 315,
     "metadata": {},
     "output_type": "execute_result"
    }
   ],
   "source": [
    "SzSz"
   ]
  },
  {
   "cell_type": "code",
   "execution_count": null,
   "id": "b80541ef",
   "metadata": {},
   "outputs": [],
   "source": []
  },
  {
   "cell_type": "code",
   "execution_count": 10,
   "id": "f4e62d3b",
   "metadata": {},
   "outputs": [],
   "source": []
  },
  {
   "cell_type": "code",
   "execution_count": 87,
   "id": "3348efe6",
   "metadata": {},
   "outputs": [],
   "source": [
    "import numpy as np\n",
    "\n",
    "def cartesian_to_spherical(x, y, z):\n",
    "    r = np.sqrt(x**2 + y**2 + z**2)\n",
    "    theta = np.arccos(z / r)\n",
    "    phi = np.arctan2(y, x)\n",
    "    return r, theta, phi\n",
    "\n",
    "def rotation_matrix(theta, phi):\n",
    "    # Convert angles from degrees to radians\n",
    "\n",
    "    # Rotation matrix around the x-axis\n",
    "    Rx = np.array([[1, 0, 0],\n",
    "                   [0, np.cos(phi), -np.sin(phi)],\n",
    "                   [0, np.sin(phi), np.cos(phi)]])\n",
    "    \n",
    "    \n",
    "    # Rotation matrix around the z-axis\n",
    "    Rz = np.array([[np.cos(theta), 0, -np.sin(theta)],\n",
    "                   [0, 1, 0],\n",
    "                   [np.sin(theta), 0, np.cos(theta)]])\n",
    "    \n",
    "    print(Rz)\n",
    "\n",
    "    # Combined rotation matrix (Rz first, then Rx)\n",
    "    R = np.dot(Rz, Rx)\n",
    "\n",
    "    return R\n",
    "\n",
    "r, theta, phi = cartesian_to_spherical(h[0], h[1], h[2])"
   ]
  },
  {
   "cell_type": "code",
   "execution_count": 88,
   "id": "c34d187f",
   "metadata": {},
   "outputs": [
    {
     "data": {
      "text/plain": [
       "0.2449786631268647"
      ]
     },
     "execution_count": 88,
     "metadata": {},
     "output_type": "execute_result"
    }
   ],
   "source": [
    "theta"
   ]
  },
  {
   "cell_type": "code",
   "execution_count": 97,
   "id": "1e66696b",
   "metadata": {},
   "outputs": [
    {
     "data": {
      "text/plain": [
       "0.2449786631268647"
      ]
     },
     "execution_count": 97,
     "metadata": {},
     "output_type": "execute_result"
    }
   ],
   "source": [
    "theta"
   ]
  },
  {
   "cell_type": "code",
   "execution_count": 93,
   "id": "faf81cc3",
   "metadata": {},
   "outputs": [],
   "source": [
    "import scipy\n",
    "U2 = scipy.linalg.expm(-1j * theta * Sy)"
   ]
  },
  {
   "cell_type": "code",
   "execution_count": 99,
   "id": "4dbaa5b0",
   "metadata": {},
   "outputs": [
    {
     "data": {
      "text/plain": [
       "array([[ 0.12126782+0.j,  0.48507127+0.j],\n",
       "       [ 0.48507127+0.j, -0.12126782+0.j]])"
      ]
     },
     "execution_count": 99,
     "metadata": {},
     "output_type": "execute_result"
    }
   ],
   "source": [
    "U2.T.conj() @ Sx @ U2"
   ]
  },
  {
   "cell_type": "code",
   "execution_count": 105,
   "id": "854f9ba2",
   "metadata": {},
   "outputs": [
    {
     "name": "stdout",
     "output_type": "stream",
     "text": [
      "[[ 0.99500417  0.         -0.09983342]\n",
      " [ 0.          1.          0.        ]\n",
      " [ 0.09983342  0.          0.99500417]]\n"
     ]
    },
    {
     "data": {
      "text/plain": [
       "array([-1.39167987, -1.10832013,  0.9091528 ,  1.5908472 ])"
      ]
     },
     "execution_count": 105,
     "metadata": {},
     "output_type": "execute_result"
    }
   ],
   "source": [
    "J = np.array([-1, 5, 0.3])\n",
    "h = np.array([0, 0, 0])\n",
    "rot = (np.pi/2 - theta)/2\n",
    "R = rotation_matrix(0.1, phi)\n",
    "\n",
    "\n",
    "h = R.T @ R.T @ h\n",
    "J = R.T @ J\n",
    "h_single = h[2] * Sz + h[0] * Sx\n",
    "h_single = np.kron(h_single, I2) + np.kron(I2, h_single)\n",
    "\n",
    "H = J[0] * SxSx + J[1] * SySy + J[2] * SzSz + h_single\n",
    "np.linalg.eigvalsh(H)"
   ]
  },
  {
   "cell_type": "code",
   "execution_count": 109,
   "id": "ed1a8ed2",
   "metadata": {},
   "outputs": [
    {
     "data": {
      "text/plain": [
       "(16, 16)"
      ]
     },
     "execution_count": 109,
     "metadata": {},
     "output_type": "execute_result"
    }
   ],
   "source": [
    "H.shape"
   ]
  },
  {
   "cell_type": "code",
   "execution_count": 225,
   "id": "f86aaafd",
   "metadata": {
    "scrolled": true
   },
   "outputs": [],
   "source": [
    "import scipy\n",
    "A = np.random.rand(4,4)\n",
    "A = A - A.T\n",
    "C = np.random.normal(size=(16, 16))\n",
    "C = C + C.T\n",
    "C += np.eye(C.shape[0])\n",
    "S = np.sign(C)\n",
    "lr = 0.001\n",
    "u = scipy.linalg.expm(lr * A)\n",
    "U = np.kron(u,u)\n",
    "B = U @ C @ U.T"
   ]
  },
  {
   "cell_type": "code",
   "execution_count": 226,
   "id": "5096f916",
   "metadata": {},
   "outputs": [],
   "source": []
  },
  {
   "cell_type": "code",
   "execution_count": 227,
   "id": "13bd21d4",
   "metadata": {},
   "outputs": [],
   "source": [
    "A_kron = np.kron(np.eye(4), A) + np.kron(A, np.eye(4))\n",
    "V = lr * S * (A_kron @ C - C @ A_kron)"
   ]
  },
  {
   "cell_type": "code",
   "execution_count": 228,
   "id": "d4b450c2",
   "metadata": {},
   "outputs": [
    {
     "data": {
      "text/plain": [
       "3.32892918971711e-05"
      ]
     },
     "execution_count": 228,
     "metadata": {},
     "output_type": "execute_result"
    }
   ],
   "source": [
    "D = np.abs(B) - np.abs(C) \n",
    "np.linalg.norm(D - V)"
   ]
  },
  {
   "cell_type": "code",
   "execution_count": 235,
   "id": "a48dc3b4",
   "metadata": {},
   "outputs": [],
   "source": [
    "Ec, Vc = np.linalg.eigh(np.abs(C))\n",
    "Eb, Vb = np.linalg.eigh(np.abs(B))"
   ]
  },
  {
   "cell_type": "code",
   "execution_count": 236,
   "id": "ff30da13",
   "metadata": {},
   "outputs": [
    {
     "data": {
      "text/plain": [
       "0.0015303424247277374"
      ]
     },
     "execution_count": 236,
     "metadata": {},
     "output_type": "execute_result"
    }
   ],
   "source": [
    "Vc[:,-1] @(np.abs(B) - np.abs(C)) @ Vc[:,-1]"
   ]
  },
  {
   "cell_type": "code",
   "execution_count": 231,
   "id": "789022fe",
   "metadata": {},
   "outputs": [
    {
     "data": {
      "text/plain": [
       "0.0015471042778119751"
      ]
     },
     "execution_count": 231,
     "metadata": {},
     "output_type": "execute_result"
    }
   ],
   "source": [
    "Vc[:,-1] @ V @ Vc[:,-1]"
   ]
  },
  {
   "cell_type": "code",
   "execution_count": 169,
   "id": "68d9e75d",
   "metadata": {},
   "outputs": [
    {
     "data": {
      "text/plain": [
       "0.0005381927101524298"
      ]
     },
     "execution_count": 169,
     "metadata": {},
     "output_type": "execute_result"
    }
   ],
   "source": [
    "Ec[-1] - Eb[-1]"
   ]
  },
  {
   "cell_type": "code",
   "execution_count": null,
   "id": "f80fdfaa",
   "metadata": {},
   "outputs": [],
   "source": []
  },
  {
   "cell_type": "code",
   "execution_count": 244,
   "id": "48af0929",
   "metadata": {},
   "outputs": [],
   "source": [
    "A = np.random.rand(4,4)\n",
    "A = A - A.T\n",
    "C = np.random.normal(size=(16, 16))\n",
    "C = np.copy(H)\n",
    "C += np.eye(C.shape[0])\n",
    "S = np.sign(C)"
   ]
  },
  {
   "cell_type": "code",
   "execution_count": 245,
   "id": "da3435ad",
   "metadata": {},
   "outputs": [],
   "source": [
    "lr = 0.001\n",
    "u = scipy.linalg.expm(lr * A)\n",
    "U = np.kron(u,u)\n",
    "B = U @ C @ U.T"
   ]
  },
  {
   "cell_type": "code",
   "execution_count": 246,
   "id": "6256ef1a",
   "metadata": {},
   "outputs": [],
   "source": [
    "Ec, Vc = np.linalg.eigh(np.abs(C))\n",
    "Eb, Vb = np.linalg.eigh(np.abs(B))"
   ]
  },
  {
   "cell_type": "code",
   "execution_count": 247,
   "id": "b1dcdd6d",
   "metadata": {},
   "outputs": [
    {
     "data": {
      "text/plain": [
       "2.250000000000001"
      ]
     },
     "execution_count": 247,
     "metadata": {},
     "output_type": "execute_result"
    }
   ],
   "source": [
    "Ec[-1]"
   ]
  },
  {
   "cell_type": "code",
   "execution_count": 248,
   "id": "f372a08c",
   "metadata": {},
   "outputs": [
    {
     "data": {
      "text/plain": [
       "2.2502670342126136"
      ]
     },
     "execution_count": 248,
     "metadata": {},
     "output_type": "execute_result"
    }
   ],
   "source": [
    "Eb[-1]"
   ]
  },
  {
   "cell_type": "code",
   "execution_count": 240,
   "id": "80c04c9f",
   "metadata": {},
   "outputs": [],
   "source": [
    "D = U @ C @ U.T - C\n",
    "DS = np.round(S * D,3)"
   ]
  },
  {
   "cell_type": "code",
   "execution_count": 241,
   "id": "6715206e",
   "metadata": {
    "collapsed": true
   },
   "outputs": [
    {
     "data": {
      "text/plain": [
       "array([[-1.18461542e-06, -1.93680935e-04, -5.81763744e-04,\n",
       "        -5.39955093e-04, -5.81570727e-04, -2.69953816e-04,\n",
       "        -2.70171237e-04, -3.51983840e-07, -1.93993391e-04,\n",
       "        -2.69870533e-04, -2.69787398e-04, -6.66706471e-08,\n",
       "        -5.40050845e-04, -6.68596866e-08, -4.85459433e-07,\n",
       "        -5.83070183e-07],\n",
       "       [-1.93680935e-04,  7.66723266e-05,  7.71463330e-05,\n",
       "        -3.17806155e-05, -7.69838853e-05, -2.53773342e-04,\n",
       "        -1.64031060e-04, -5.97740598e-08, -2.00875133e-07,\n",
       "        -3.57838347e-04, -5.98006983e-08, -2.69978013e-04,\n",
       "        -1.64012402e-04, -2.70032760e-04, -1.90728072e-07,\n",
       "        -2.22627374e-07],\n",
       "       [-5.81763744e-04,  7.71463330e-05, -7.66575617e-05,\n",
       "        -3.03610107e-05,  5.40528653e-07, -2.04295561e-04,\n",
       "        -9.16181335e-05, -2.69962621e-04,  7.69992451e-05,\n",
       "        -1.02248812e-04, -1.93817827e-04, -6.70275139e-08,\n",
       "        -2.25256559e-04, -8.98186882e-09, -2.70001710e-04,\n",
       "        -6.64013536e-08],\n",
       "       [-5.39955093e-04, -3.17806155e-05, -3.03610107e-05,\n",
       "         5.68200693e-07, -4.01293223e-05, -7.67774042e-05,\n",
       "         7.72644768e-05, -3.18153084e-05, -1.02248792e-04,\n",
       "         7.72642919e-05, -7.70913026e-05, -3.01306111e-05,\n",
       "        -5.98325467e-07, -2.25838155e-04, -1.63832455e-04,\n",
       "        -5.39858168e-04],\n",
       "       [-5.81570727e-04, -7.69838853e-05,  5.40528653e-07,\n",
       "        -4.01293223e-05,  7.72954440e-05, -1.93862221e-04,\n",
       "        -2.97947054e-05, -2.69906034e-04, -7.68066795e-05,\n",
       "        -1.64012582e-04, -3.27882718e-04, -1.09593134e-07,\n",
       "        -9.21024638e-05, -6.69517791e-08, -2.69896878e-04,\n",
       "        -6.68740781e-08],\n",
       "       [-2.69953816e-04, -2.53773342e-04, -2.04295561e-04,\n",
       "        -7.67774042e-05, -1.93862221e-04,  1.54197268e-04,\n",
       "         7.30064454e-08, -1.22091593e-05, -2.08470866e-07,\n",
       "         1.36729071e-07, -1.33970084e-07, -3.27882823e-04,\n",
       "        -7.69575477e-05, -7.20556345e-05, -5.97675663e-08,\n",
       "        -2.70087784e-04],\n",
       "       [-2.70171237e-04, -1.64031060e-04, -9.16181335e-05,\n",
       "         7.72644768e-05, -2.97947054e-05,  7.30064454e-08,\n",
       "         1.97710674e-08, -1.74372319e-04, -1.02192361e-04,\n",
       "        -1.49243911e-07, -2.28313635e-08, -1.63832765e-04,\n",
       "        -7.67844565e-05, -1.02084215e-04, -2.36218076e-04,\n",
       "        -2.70004513e-04],\n",
       "       [-3.51983840e-07, -5.97740598e-08, -2.69962621e-04,\n",
       "        -3.18153084e-05, -2.69906034e-04, -1.22091593e-05,\n",
       "        -1.74372319e-04,  7.68677069e-05, -4.13443648e-08,\n",
       "        -1.02065765e-04, -2.08503910e-07,  7.70826472e-05,\n",
       "        -1.02084065e-04, -7.70497927e-05, -2.00838318e-07,\n",
       "        -7.22175860e-05],\n",
       "       [-1.93993391e-04, -2.00875133e-07,  7.69992451e-05,\n",
       "        -1.02248792e-04, -7.68066795e-05, -2.08470866e-07,\n",
       "        -1.02192361e-04, -4.13443648e-08, -7.73409286e-05,\n",
       "        -2.96059307e-04, -3.77345375e-04, -2.70068480e-04,\n",
       "        -1.53368778e-04, -2.69912294e-04, -2.57808197e-10,\n",
       "        -8.93142510e-08],\n",
       "       [-2.69870533e-04, -3.57838347e-04, -1.02248812e-04,\n",
       "         7.72642919e-05, -1.64012582e-04,  1.36729071e-07,\n",
       "        -1.49243911e-07, -1.02065765e-04, -2.96059307e-04,\n",
       "         2.78716755e-07,  1.72432205e-07, -9.15039164e-05,\n",
       "        -7.67846414e-05, -2.97776615e-05, -1.63889227e-04,\n",
       "        -2.69962795e-04],\n",
       "       [-2.69787398e-04, -5.98006983e-08, -1.93817827e-04,\n",
       "        -7.70913026e-05, -3.27882718e-04, -1.33970084e-07,\n",
       "        -2.28313634e-08, -2.08503910e-07, -3.77345375e-04,\n",
       "         1.72432205e-07, -1.53780402e-04, -7.20486105e-05,\n",
       "         7.73315536e-05, -2.04295602e-04, -1.11280856e-04,\n",
       "        -2.69921388e-04],\n",
       "       [-6.66706471e-08, -2.69978013e-04, -6.70275139e-08,\n",
       "        -3.01306111e-05, -1.09593134e-07, -3.27882823e-04,\n",
       "        -1.63832765e-04,  7.70826472e-05, -2.70068480e-04,\n",
       "        -9.15039164e-05, -7.20486105e-05, -7.68527329e-05,\n",
       "        -4.04288287e-05,  2.81579273e-07,  7.70649435e-05,\n",
       "        -2.16612098e-04],\n",
       "       [-5.40050845e-04, -1.64012402e-04, -2.25256559e-04,\n",
       "        -5.98325467e-07, -9.21024638e-05, -7.69575477e-05,\n",
       "        -7.67844565e-05, -1.02084065e-04, -1.53368778e-04,\n",
       "        -7.67846414e-05,  7.73315536e-05, -4.04288287e-05,\n",
       "         6.28450240e-07, -9.19387815e-05, -1.53534237e-04,\n",
       "        -5.39893813e-04],\n",
       "       [-6.68596866e-08, -2.70032760e-04, -8.98186882e-09,\n",
       "        -2.25838155e-04, -6.69517791e-08, -7.20556345e-05,\n",
       "        -1.02084215e-04, -7.70497927e-05, -2.69912294e-04,\n",
       "        -2.97776615e-05, -2.04295602e-04,  2.81579273e-07,\n",
       "        -9.19387815e-05,  7.72318785e-05, -7.70019062e-05,\n",
       "        -2.16456373e-04],\n",
       "       [-4.85459433e-07, -1.90728072e-07, -2.70001710e-04,\n",
       "        -1.63832455e-04, -2.69896878e-04, -5.97675663e-08,\n",
       "        -2.36218076e-04, -2.00838318e-07, -2.57808197e-10,\n",
       "        -1.63889227e-04, -1.11280856e-04,  7.70649435e-05,\n",
       "        -1.53534237e-04, -7.70019062e-05, -7.72771541e-05,\n",
       "        -7.24177630e-05],\n",
       "       [-5.83070183e-07, -2.22627374e-07, -6.64013536e-08,\n",
       "        -5.39858168e-04, -6.68740781e-08, -2.70087784e-04,\n",
       "        -2.70004513e-04, -7.22175860e-05, -8.93142510e-08,\n",
       "        -2.69962795e-04, -2.69921388e-04, -2.16612098e-04,\n",
       "        -5.39893813e-04, -2.16456373e-04, -7.24177630e-05,\n",
       "        -6.66368435e-07]])"
      ]
     },
     "execution_count": 241,
     "metadata": {},
     "output_type": "execute_result"
    }
   ],
   "source": [
    "np.abs(C) - np.abs(B)"
   ]
  },
  {
   "cell_type": "code",
   "execution_count": 249,
   "id": "f8b834ca",
   "metadata": {},
   "outputs": [
    {
     "data": {
      "text/plain": [
       "-0.0002594141697731783"
      ]
     },
     "execution_count": 249,
     "metadata": {},
     "output_type": "execute_result"
    }
   ],
   "source": [
    "Vc[:,-1] @(np.abs(C) - np.abs(B)) @ Vc[:,-1]"
   ]
  },
  {
   "cell_type": "code",
   "execution_count": 250,
   "id": "9848646b",
   "metadata": {},
   "outputs": [
    {
     "data": {
      "text/plain": [
       "-0.00026703421261276006"
      ]
     },
     "execution_count": 250,
     "metadata": {},
     "output_type": "execute_result"
    }
   ],
   "source": [
    "Ec[-1] - Eb[-1]"
   ]
  },
  {
   "cell_type": "code",
   "execution_count": 265,
   "id": "430193a2",
   "metadata": {
    "scrolled": true
   },
   "outputs": [
    {
     "data": {
      "text/plain": [
       "array([[ 0.        ,  0.        , -0.        ,  0.        ,  0.        ,\n",
       "        -0.        , -0.        ,  0.        , -0.        , -0.        ,\n",
       "        -0.        ,  0.        ,  0.        ,  0.        ,  0.        ,\n",
       "         0.        ],\n",
       "       [ 0.        ,  0.17394196,  0.17394196, -0.        , -0.17394196,\n",
       "         0.        ,  0.        ,  0.        ,  0.        ,  0.        ,\n",
       "         0.        , -0.        , -0.        ,  0.        ,  0.        ,\n",
       "         0.        ],\n",
       "       [-0.        ,  0.17394196, -0.17394196, -0.        , -0.        ,\n",
       "        -0.        , -0.        ,  0.        ,  0.17394196, -0.        ,\n",
       "        -0.        ,  0.        , -0.        ,  0.        , -0.        ,\n",
       "         0.        ],\n",
       "       [ 0.        , -0.        , -0.        ,  0.        , -0.        ,\n",
       "        -0.17394196,  0.17394196, -0.        ,  0.        ,  0.17394196,\n",
       "        -0.        , -0.        ,  0.        , -0.        , -0.        ,\n",
       "        -0.        ],\n",
       "       [ 0.        , -0.17394196, -0.        , -0.        ,  0.17394196,\n",
       "         0.        ,  0.        , -0.        , -0.17394196,  0.        ,\n",
       "         0.        ,  0.        ,  0.        ,  0.        ,  0.        ,\n",
       "         0.        ],\n",
       "       [-0.        ,  0.        , -0.        , -0.17394196,  0.        ,\n",
       "         0.34788392, -0.        ,  0.        ,  0.        , -0.        ,\n",
       "         0.        ,  0.        ,  0.        ,  0.        ,  0.        ,\n",
       "         0.        ],\n",
       "       [-0.        ,  0.        , -0.        ,  0.17394196,  0.        ,\n",
       "        -0.        ,  0.        , -0.        , -0.        ,  0.        ,\n",
       "        -0.        ,  0.        , -0.17394196, -0.        ,  0.        ,\n",
       "         0.        ],\n",
       "       [ 0.        ,  0.        ,  0.        , -0.        , -0.        ,\n",
       "         0.        , -0.        ,  0.17394196,  0.        , -0.        ,\n",
       "         0.        ,  0.17394196,  0.        , -0.17394196,  0.        ,\n",
       "         0.        ],\n",
       "       [-0.        ,  0.        ,  0.17394196,  0.        , -0.17394196,\n",
       "         0.        , -0.        ,  0.        , -0.17394196,  0.        ,\n",
       "        -0.        ,  0.        ,  0.        , -0.        ,  0.        ,\n",
       "         0.        ],\n",
       "       [-0.        ,  0.        , -0.        ,  0.17394196,  0.        ,\n",
       "        -0.        ,  0.        , -0.        ,  0.        ,  0.        ,\n",
       "        -0.        , -0.        , -0.17394196,  0.        ,  0.        ,\n",
       "         0.        ],\n",
       "       [-0.        ,  0.        , -0.        , -0.        ,  0.        ,\n",
       "         0.        , -0.        ,  0.        , -0.        , -0.        ,\n",
       "        -0.34788392, -0.        ,  0.17394196, -0.        , -0.        ,\n",
       "         0.        ],\n",
       "       [ 0.        , -0.        ,  0.        , -0.        ,  0.        ,\n",
       "         0.        ,  0.        ,  0.17394196,  0.        , -0.        ,\n",
       "        -0.        , -0.17394196, -0.        , -0.        ,  0.17394196,\n",
       "        -0.        ],\n",
       "       [ 0.        , -0.        , -0.        ,  0.        ,  0.        ,\n",
       "         0.        , -0.17394196,  0.        ,  0.        , -0.17394196,\n",
       "         0.17394196, -0.        ,  0.        ,  0.        ,  0.        ,\n",
       "        -0.        ],\n",
       "       [ 0.        ,  0.        ,  0.        , -0.        ,  0.        ,\n",
       "         0.        , -0.        , -0.17394196, -0.        ,  0.        ,\n",
       "        -0.        , -0.        ,  0.        ,  0.17394196, -0.17394196,\n",
       "         0.        ],\n",
       "       [ 0.        ,  0.        , -0.        , -0.        ,  0.        ,\n",
       "         0.        ,  0.        ,  0.        ,  0.        ,  0.        ,\n",
       "        -0.        ,  0.17394196,  0.        , -0.17394196, -0.17394196,\n",
       "        -0.        ],\n",
       "       [ 0.        ,  0.        ,  0.        , -0.        ,  0.        ,\n",
       "         0.        ,  0.        ,  0.        ,  0.        ,  0.        ,\n",
       "         0.        , -0.        , -0.        ,  0.        , -0.        ,\n",
       "         0.        ]])"
      ]
     },
     "execution_count": 265,
     "metadata": {},
     "output_type": "execute_result"
    }
   ],
   "source": [
    "(C @ A_kron - A_kron @ C)*S"
   ]
  },
  {
   "cell_type": "markdown",
   "id": "e410f154",
   "metadata": {},
   "source": [
    "## Optimize random Hamiltonian"
   ]
  },
  {
   "cell_type": "code",
   "execution_count": 822,
   "id": "26fd1dfa",
   "metadata": {},
   "outputs": [
    {
     "data": {
      "text/plain": [
       "tensor(3.2682, dtype=torch.float64, grad_fn=<SubBackward0>)"
      ]
     },
     "execution_count": 822,
     "metadata": {},
     "output_type": "execute_result"
    }
   ],
   "source": [
    "import scipy\n",
    "sps = 3\n",
    "A = np.random.normal(size=(sps**2, sps**2))\n",
    "A = A + A.T\n",
    "A -= np.eye(sps**2) * 4\n",
    "h_list = [A]\n",
    "loss = rms_torch.SystemQUasiEnergyLoss(h_list, device=\"cpu\")\n",
    "model = rms_torch.UnitaryRieman(\n",
    "    h_list[0].shape[1], sps, device=\"cpu\").to(\"cpu\")\n",
    "model.reset_params(torch.from_numpy(np.eye(sps)))\n",
    "loss(model())\n",
    "\n"
   ]
  },
  {
   "cell_type": "code",
   "execution_count": 838,
   "id": "6a0a9747",
   "metadata": {},
   "outputs": [
    {
     "name": "stdout",
     "output_type": "stream",
     "text": [
      "2.810107528461325\n",
      "2.8101086269572786\n",
      "2.8101089885788344\n",
      "2.8101085184028722\n",
      "2.810108102233821\n",
      "2.810107230587368\n",
      "2.810106030714346\n",
      "2.8101059944637985\n",
      "2.810106814284536\n",
      "2.8101071758376133\n",
      "2.8101071018077253\n",
      "2.810106668204421\n",
      "2.8101063708898213\n",
      "2.81010659338874\n",
      "2.8101065695739766\n",
      "2.810106323934777\n",
      "2.8101063066812006\n",
      "2.8101061495262076\n",
      "2.8101064755654352\n",
      "2.810106651586368\n",
      "2.810106511912453\n",
      "2.810106093031843\n",
      "2.8101059779653763\n",
      "2.810106405560015\n",
      "2.810106525936602\n",
      "2.8101063227462237\n",
      "2.8101060374132363\n",
      "2.8101061455490726\n",
      "2.8101063860207933\n",
      "2.8101063337223398\n",
      "2.810106588469731\n",
      "2.8101061878403133\n",
      "2.8101059862607958\n",
      "2.8101063290691304\n",
      "2.8101063290891357\n",
      "2.810106028057211\n",
      "2.81010627154283\n",
      "2.810106280241625\n",
      "2.810106680466907\n",
      "2.8101065455376304\n",
      "2.8101058655121935\n",
      "2.8101059714465553\n",
      "2.8101062206703293\n",
      "2.8101062063862\n",
      "2.8101059135038664\n",
      "2.8101059240149358\n",
      "2.8101060888193157\n",
      "2.8101058256755653\n",
      "2.810106128699873\n",
      "2.8101063523610623\n",
      "2.810106368425659\n",
      "2.810106248118375\n",
      "2.81010599388331\n",
      "2.810105875290974\n",
      "2.81010577115242\n",
      "2.8101057788209776\n",
      "2.8101059855589003\n",
      "2.810106186397073\n",
      "2.810106257413983\n",
      "2.8101060868973082\n",
      "2.810106014737732\n",
      "2.810105986509088\n",
      "2.8101058355786908\n",
      "2.8101059535421573\n",
      "2.810106107657946\n",
      "2.810106168755036\n",
      "2.8101061102528764\n",
      "2.810106000364387\n",
      "2.8101059825148855\n",
      "2.8101063515186784\n",
      "2.8101061080957184\n",
      "2.8101059383560614\n",
      "2.8101061998333794\n",
      "2.8101062939782846\n",
      "2.8101061890830596\n",
      "2.81010599059878\n",
      "2.81010585463442\n",
      "2.810106362719095\n",
      "2.8101061768401348\n",
      "2.8101059413629788\n",
      "2.810106139935259\n",
      "2.810106220373301\n",
      "2.8101062224241335\n",
      "2.8101059402967383\n",
      "2.810105899991777\n",
      "2.810105978382774\n",
      "2.8101060185734372\n",
      "2.810105925642665\n",
      "2.8101060066038475\n",
      "2.8101060140448393\n",
      "2.8101059719071575\n",
      "2.810105884711378\n",
      "2.810105790739554\n",
      "2.8101062402478316\n",
      "2.8101058910520695\n",
      "2.8101061120949975\n",
      "2.8101063752005775\n",
      "2.8101064814923777\n",
      "2.8101063669720094\n",
      "2.8101060887700324\n",
      "2.810105797724413\n",
      "2.8101060639483126\n",
      "2.810105857521796\n",
      "2.8101060196221415\n",
      "2.8101060679933827\n",
      "2.810105954355139\n",
      "2.8101059881281945\n",
      "2.810106006365652\n",
      "2.8101060339823523\n",
      "2.810106009305807\n",
      "2.810105937220781\n",
      "2.810105925363205\n",
      "2.8101057824846176\n",
      "2.810106111478726\n",
      "2.810106055429168\n",
      "2.810105993425429\n",
      "2.8101060932503774\n",
      "2.8101060581716926\n",
      "2.8101057421288775\n",
      "2.810106441988525\n",
      "2.8101064486600276\n",
      "2.810106189728133\n",
      "2.8101061441315043\n",
      "2.8101061404463277\n",
      "2.8101062370773366\n",
      "2.81010601632582\n",
      "2.8101058987642222\n",
      "2.8101061213445053\n",
      "2.8101062090673796\n",
      "2.810106028754996\n",
      "2.8101063828344284\n",
      "2.810106028953152\n",
      "2.8101062250837767\n",
      "2.8101063976535006\n",
      "2.8101065098083904\n",
      "2.810106620370002\n",
      "2.810106541983478\n",
      "2.8101062841368485\n",
      "2.8101061014031554\n",
      "2.810105973404953\n",
      "2.8101060458726597\n",
      "2.8101061178587496\n",
      "2.810106222408665\n",
      "2.8101061341202627\n",
      "2.8101061238925578\n",
      "2.8101061671214485\n",
      "2.810105943184306\n",
      "2.810105838878725\n",
      "2.8101058849099356\n",
      "2.810105856271269\n",
      "2.810105891152448\n",
      "2.8101061322878795\n",
      "2.8101058484642767\n",
      "2.810106234760328\n",
      "2.8101065262936107\n",
      "2.8101065435695407\n",
      "2.8101062992345174\n",
      "2.810106047282039\n",
      "2.81010620377282\n",
      "2.8101062593364983\n",
      "2.8101061681770663\n",
      "2.8101060415481296\n",
      "2.8101061976314288\n",
      "2.810106078997043\n",
      "2.8101060153471185\n",
      "2.810106049841652\n",
      "2.8101061507825786\n",
      "2.8101060642097\n",
      "2.8101059407597315\n",
      "2.8101060774623026\n",
      "2.8101060628497567\n",
      "2.810105999442074\n",
      "2.8101058700125723\n",
      "2.8101060621598126\n",
      "2.8101059418186\n",
      "2.810105835994511\n",
      "2.810106028703819\n",
      "2.810105966989033\n",
      "2.8101061669441147\n",
      "2.810106056469783\n",
      "2.810106155441849\n",
      "2.810106310499785\n",
      "2.810106347320259\n",
      "2.8101062086253332\n",
      "2.8101059792408893\n",
      "2.810105877187011\n",
      "2.8101060091566428\n",
      "2.810105946987461\n",
      "2.8101059148852716\n",
      "2.8101062404498673\n",
      "2.810106328076097\n",
      "2.8101061473272555\n",
      "2.810105939270562\n",
      "2.8101059212989252\n",
      "2.8101059126835732\n",
      "2.8101058036523003\n",
      "2.8101058549289686\n",
      "2.8101060313155717\n",
      "2.8101059831982536\n",
      "2.810105980969025\n",
      "2.8101057721190994\n",
      "2.8101062463372433\n",
      "2.8101061974611934\n",
      "2.8101059989951676\n",
      "2.81010604593485\n",
      "2.8101061377702568\n",
      "2.8101060340580286\n",
      "2.8101059365338674\n",
      "2.810105851152871\n",
      "2.8101061501280267\n",
      "2.8101058024300105\n",
      "2.810106048597783\n",
      "2.810106294776718\n",
      "2.8101063386504403\n",
      "2.8101061854940443\n",
      "2.8101059660723866\n",
      "2.8101058461494386\n",
      "2.81010669054473\n",
      "2.810106605824741\n",
      "2.8101058595364723\n",
      "2.810105952166383\n",
      "2.810106120994176\n",
      "2.8101061608346765\n",
      "2.8101060145909518\n",
      "2.8101057703598844\n",
      "2.8101062072698983\n",
      "2.8101061917385\n",
      "2.810105982892628\n",
      "2.8101060695372713\n",
      "2.810106216944286\n",
      "2.810106109613356\n",
      "2.8101057827685647\n",
      "2.8101061502178535\n",
      "2.8101060165739167\n",
      "2.8101060948323084\n",
      "2.8101061920961126\n",
      "2.8101063252693006\n",
      "2.810106233905005\n",
      "2.8101061099321942\n",
      "2.8101058935367735\n",
      "2.810106190387133\n",
      "2.810106008892328\n",
      "2.8101060124218993\n",
      "2.8101061796833395\n",
      "2.8101062979822\n",
      "2.810106197582124\n",
      "2.8101060124432333\n",
      "2.810105899219133\n",
      "2.810106366656223\n",
      "2.8101062201942124\n",
      "2.8101059534112505\n",
      "2.810106139333998\n",
      "2.8101062485018264\n",
      "2.8101062461419115\n",
      "2.810106164340775\n",
      "2.8101058788872866\n",
      "2.8101061880310585\n",
      "2.81010628921989\n",
      "2.810105887230643\n",
      "2.8101059207931574\n",
      "2.8101062075272676\n",
      "2.8101061569573975\n",
      "2.8101058577848566\n",
      "2.810105981634555\n",
      "2.8101060897294214\n",
      "2.8101061583515676\n",
      "2.810105960946041\n",
      "2.8101059877935146\n",
      "2.8101057974045762\n",
      "2.810105738768902\n",
      "2.8101060766736428\n",
      "2.8101058207870313\n",
      "2.8101058236482093\n",
      "2.8101057643518406\n",
      "2.810105967858439\n",
      "2.8101060596147978\n",
      "2.8101058839193076\n",
      "2.810106122170046\n",
      "2.8101062631822504\n",
      "2.810105945319828\n",
      "2.8101058611278322\n",
      "2.8101062783434916\n",
      "2.8101065334940767\n",
      "2.8101065055364263\n",
      "2.810106222482583\n",
      "2.810106048176186\n",
      "2.8101060158965314\n",
      "2.810106682749174\n",
      "2.810106567826237\n",
      "2.8101059070433525\n",
      "2.8101060564964566\n",
      "2.810106116777648\n",
      "2.810106246433792\n",
      "2.81010618003557\n",
      "2.8101059298052906\n",
      "2.810106027227997\n",
      "2.81010603982506\n",
      "2.8101058823005527\n",
      "2.8101062124826246\n",
      "2.8101063282236627\n",
      "2.81010612408509\n",
      "2.810105825563051\n",
      "2.8101061737686255\n",
      "2.8101060778122093\n",
      "2.810105947116293\n",
      "2.810106128648785\n",
      "2.810106180963542\n",
      "2.810106238978614\n",
      "2.8101061662449194\n",
      "2.8101059121262164\n",
      "2.810105882184713\n",
      "2.810105905469145\n",
      "2.8101057761568438\n",
      "2.81010579379784\n",
      "2.8101060622449925\n",
      "2.8101058460712824\n",
      "2.8101062100033953\n",
      "2.810106449079706\n",
      "2.8101064528188022\n",
      "2.8101062446391314\n",
      "2.8101059012815295\n",
      "2.8101060661977346\n",
      "2.810106069316946\n",
      "2.8101061500101228\n",
      "2.810106139396817\n",
      "2.8101063366959433\n",
      "2.810106441407468\n",
      "2.8101062787134996\n",
      "2.8101060660440407\n",
      "2.8101061304731463\n",
      "2.810106011802164\n",
      "2.8101060510360174\n",
      "2.8101059089001286\n",
      "2.8101061321387295\n",
      "2.810105825890327\n",
      "2.8101058697724586\n",
      "2.8101059751168567\n",
      "2.810105867207172\n",
      "2.8101061184409897\n",
      "2.8101059904750176\n",
      "2.81010609777122\n",
      "2.810106209605495\n",
      "2.8101061384931345\n",
      "2.8101058803145325\n",
      "2.810106061884172\n",
      "2.8101059910379522\n",
      "2.810105878548578\n",
      "2.810105925111463\n",
      "2.810106236475699\n",
      "2.8101062863697255\n",
      "2.8101061124601525\n",
      "2.810106120841029\n",
      "2.810105915663579\n",
      "2.8101063872796583\n",
      "2.8101061904493836\n",
      "2.810106003148457\n",
      "2.810106135079659\n",
      "2.810106282197223\n",
      "2.810106293660878\n",
      "2.8101061775201632\n",
      "2.8101060726652296\n",
      "2.8101060308881234\n",
      "2.8101059995381537\n",
      "2.8101059356037172\n",
      "2.810106026710711\n",
      "2.8101060479816713\n",
      "2.8101059261962096\n",
      "2.8101058891304422\n",
      "2.8101059524011607\n",
      "2.8101058994477075\n",
      "2.810105874470919\n",
      "2.810105872400099\n",
      "2.810106001775667\n",
      "2.810106010898812\n",
      "2.8101060599721723\n",
      "2.8101060364280404\n",
      "2.8101058168719373\n",
      "2.810105912661504\n",
      "2.810105947621759\n",
      "2.810105852656042\n",
      "2.8101060740673365\n",
      "2.8101062620621082\n",
      "2.8101061742244458\n",
      "2.8101059718692003\n",
      "2.8101058929682043\n",
      "2.8101060405758904\n",
      "2.810105864546225\n",
      "2.8101061049704814\n",
      "2.8101059380985713\n",
      "2.8101060741858266\n",
      "2.810106231025552\n",
      "2.810106339850458\n",
      "2.8101063013314675\n",
      "2.810106310090296\n",
      "2.8101060862069307\n",
      "2.8101059789497835\n",
      "2.8101059877609824\n",
      "2.8101059995699256\n",
      "2.8101062060238835\n",
      "2.8101061780560084\n",
      "2.8101062531344976\n",
      "2.8101063329658817\n",
      "2.8101061483740875\n",
      "2.810105887378734\n",
      "2.810106371856543\n",
      "2.810106265445322\n",
      "2.8101060524100223\n",
      "2.8101061126546103\n",
      "2.8101063923595024\n",
      "2.8101063960582184\n",
      "2.810106142793254\n",
      "2.8101057565992296\n",
      "2.810105965356472\n",
      "2.8101059517848146\n",
      "2.8101058071341516\n",
      "2.8101060191041345\n",
      "2.810106120107916\n",
      "2.8101060141617626\n",
      "2.810105806529668\n",
      "2.810106345038749\n",
      "2.8101062499556146\n",
      "2.810105811779378\n",
      "2.810105949232815\n",
      "2.8101059833124626\n",
      "2.8101059571732048\n",
      "2.810105875980602\n",
      "2.81010617470036\n",
      "2.8101058375288\n",
      "2.8101058337147595\n",
      "2.810105796297842\n",
      "2.810105962498925\n",
      "2.810105945958357\n",
      "2.8101060270030604\n",
      "2.8101060070563637\n",
      "2.8101058436446014\n",
      "2.8101061717571536\n",
      "2.8101060144662657\n",
      "2.810106052036831\n",
      "2.810106328607299\n",
      "2.8101063641026602\n",
      "2.8101061392177176\n",
      "2.810105930215686\n",
      "2.8101061137519014\n",
