{
 "cells": [
  {
   "cell_type": "code",
   "execution_count": 14,
   "id": "deadly-anatomy",
   "metadata": {},
   "outputs": [],
   "source": [
    "import numpy as np\n",
    "from scipy.linalg import expm, sinm, cosm\n",
    "from scipy import sparse\n",
    "import scipy\n",
    "import sys\n",
    "sys.path.append('..')\n",
    "from importlib import reload\n",
    "import optm\n",
    "import torch\n",
    "from torch import nn\n",
    "from torch.utils.data import DataLoader\n",
    "from torchvision import datasets\n",
    "from torchvision.transforms import ToTensor, Lambda"
   ]
  },
  {
   "cell_type": "code",
   "execution_count": 15,
   "id": "8d2947cd",
   "metadata": {},
   "outputs": [
    {
     "data": {
      "text/plain": [
       "<module 'optm' from '/Users/keisukemurota/Documents/todo/worms/python/nsp/optm.py'>"
      ]
     },
     "execution_count": 15,
     "metadata": {},
     "output_type": "execute_result"
    }
   ],
   "source": [
    "reload(optm)"
   ]
  },
  {
   "cell_type": "code",
   "execution_count": 16,
   "id": "northern-yahoo",
   "metadata": {},
   "outputs": [],
   "source": [
    "X = torch.rand((16,16),dtype=torch.float64)*2-1\n",
    "X = X + X.T\n",
    "model = optm.unitary_solver([4,4],syms=True)\n",
    "model2 = optm.matrix_solver([4,4],syms=True)\n",
    "optimizer = torch.optim.SGD(model.parameters(), lr=0.005, momentum=0, weight_decay=0.05)"
   ]
  },
  {
   "cell_type": "code",
   "execution_count": 17,
   "id": "219b1ffa",
   "metadata": {},
   "outputs": [
    {
     "name": "stdout",
     "output_type": "stream",
     "text": [
      "tensor([[2.7830, 0.0000, 0.0000, 0.0000, 0.0000, 0.0000, 0.0000, 0.0000, 0.0000,\n",
      "         0.0000, 0.0000, 0.0000, 0.0000, 0.0000, 0.0000, 0.0000],\n",
      "        [0.0000, 1.7892, 0.0000, 0.0000, 0.0000, 0.0000, 0.0000, 0.0000, 0.0000,\n",
      "         0.0000, 0.0000, 0.0000, 0.0000, 0.0000, 0.0000, 0.0000],\n",
      "        [0.0000, 0.0000, 3.3699, 0.0000, 0.0000, 0.0000, 0.0000, 0.0000, 0.0000,\n",
      "         0.0000, 0.0000, 0.0000, 0.0000, 0.0000, 0.0000, 0.0000],\n",
      "        [0.0000, 0.0000, 0.0000, 1.8783, 0.0000, 0.0000, 0.0000, 0.0000, 0.0000,\n",
      "         0.0000, 0.0000, 0.0000, 0.0000, 0.0000, 0.0000, 0.0000],\n",
      "        [0.0000, 0.0000, 0.0000, 0.0000, 1.7892, 0.0000, 0.0000, 0.0000, 0.0000,\n",
      "         0.0000, 0.0000, 0.0000, 0.0000, 0.0000, 0.0000, 0.0000],\n",
      "        [0.0000, 0.0000, 0.0000, 0.0000, 0.0000, 1.1503, 0.0000, 0.0000, 0.0000,\n",
      "         0.0000, 0.0000, 0.0000, 0.0000, 0.0000, 0.0000, 0.0000],\n",
      "        [0.0000, 0.0000, 0.0000, 0.0000, 0.0000, 0.0000, 2.1665, 0.0000, 0.0000,\n",
      "         0.0000, 0.0000, 0.0000, 0.0000, 0.0000, 0.0000, 0.0000],\n",
      "        [0.0000, 0.0000, 0.0000, 0.0000, 0.0000, 0.0000, 0.0000, 1.2076, 0.0000,\n",
      "         0.0000, 0.0000, 0.0000, 0.0000, 0.0000, 0.0000, 0.0000],\n",
      "        [0.0000, 0.0000, 0.0000, 0.0000, 0.0000, 0.0000, 0.0000, 0.0000, 3.3699,\n",
      "         0.0000, 0.0000, 0.0000, 0.0000, 0.0000, 0.0000, 0.0000],\n",
      "        [0.0000, 0.0000, 0.0000, 0.0000, 0.0000, 0.0000, 0.0000, 0.0000, 0.0000,\n",
      "         2.1665, 0.0000, 0.0000, 0.0000, 0.0000, 0.0000, 0.0000],\n",
      "        [0.0000, 0.0000, 0.0000, 0.0000, 0.0000, 0.0000, 0.0000, 0.0000, 0.0000,\n",
      "         0.0000, 4.0806, 0.0000, 0.0000, 0.0000, 0.0000, 0.0000],\n",
      "        [0.0000, 0.0000, 0.0000, 0.0000, 0.0000, 0.0000, 0.0000, 0.0000, 0.0000,\n",
      "         0.0000, 0.0000, 2.2745, 0.0000, 0.0000, 0.0000, 0.0000],\n",
      "        [0.0000, 0.0000, 0.0000, 0.0000, 0.0000, 0.0000, 0.0000, 0.0000, 0.0000,\n",
      "         0.0000, 0.0000, 0.0000, 1.8783, 0.0000, 0.0000, 0.0000],\n",
      "        [0.0000, 0.0000, 0.0000, 0.0000, 0.0000, 0.0000, 0.0000, 0.0000, 0.0000,\n",
      "         0.0000, 0.0000, 0.0000, 0.0000, 1.2076, 0.0000, 0.0000],\n",
      "        [0.0000, 0.0000, 0.0000, 0.0000, 0.0000, 0.0000, 0.0000, 0.0000, 0.0000,\n",
      "         0.0000, 0.0000, 0.0000, 0.0000, 0.0000, 2.2745, 0.0000],\n",
      "        [0.0000, 0.0000, 0.0000, 0.0000, 0.0000, 0.0000, 0.0000, 0.0000, 0.0000,\n",
      "         0.0000, 0.0000, 0.0000, 0.0000, 0.0000, 0.0000, 1.2677]],\n",
      "       grad_fn=<UnsafeViewBackward0>)\n"
     ]
    },
    {
     "ename": "RuntimeError",
     "evalue": "expected scalar type Double but found Float",
     "output_type": "error",
     "traceback": [
      "\u001b[0;31m---------------------------------------------------------------------------\u001b[0m",
      "\u001b[0;31mRuntimeError\u001b[0m                              Traceback (most recent call last)",
      "\u001b[0;32m/var/folders/z7/m5qzz0hj12z06hxsn5km2c400000gn/T/ipykernel_49691/1125334289.py\u001b[0m in \u001b[0;36m<module>\u001b[0;34m\u001b[0m\n\u001b[0;32m----> 1\u001b[0;31m \u001b[0mmodel2\u001b[0m\u001b[0;34m.\u001b[0m\u001b[0mmatrix\u001b[0m\u001b[0;34m(\u001b[0m\u001b[0;34m)\u001b[0m\u001b[0;34m\u001b[0m\u001b[0;34m\u001b[0m\u001b[0m\n\u001b[0m",
      "\u001b[0;32m~/Documents/todo/worms/python/nsp/optm.py\u001b[0m in \u001b[0;36mmatrix\u001b[0;34m(self)\u001b[0m\n\u001b[1;32m    165\u001b[0m     \u001b[0;32mdef\u001b[0m \u001b[0mmatrix\u001b[0m\u001b[0;34m(\u001b[0m\u001b[0mself\u001b[0m\u001b[0;34m)\u001b[0m\u001b[0;34m:\u001b[0m\u001b[0;34m\u001b[0m\u001b[0;34m\u001b[0m\u001b[0m\n\u001b[1;32m    166\u001b[0m         \u001b[0;32mif\u001b[0m \u001b[0mself\u001b[0m\u001b[0;34m.\u001b[0m\u001b[0m_syms\u001b[0m\u001b[0;34m:\u001b[0m\u001b[0;34m\u001b[0m\u001b[0;34m\u001b[0m\u001b[0m\n\u001b[0;32m--> 167\u001b[0;31m             \u001b[0;32mreturn\u001b[0m \u001b[0mself\u001b[0m\u001b[0;34m.\u001b[0m\u001b[0m_get_sym_matrix\u001b[0m\u001b[0;34m(\u001b[0m\u001b[0;34m)\u001b[0m\u001b[0;34m\u001b[0m\u001b[0;34m\u001b[0m\u001b[0m\n\u001b[0m\u001b[1;32m    168\u001b[0m         \u001b[0;32melse\u001b[0m\u001b[0;34m:\u001b[0m\u001b[0;34m\u001b[0m\u001b[0;34m\u001b[0m\u001b[0m\n\u001b[1;32m    169\u001b[0m             \u001b[0;32mreturn\u001b[0m \u001b[0mself\u001b[0m\u001b[0;34m.\u001b[0m\u001b[0m_get_matrix\u001b[0m\u001b[0;34m(\u001b[0m\u001b[0;34m)\u001b[0m\u001b[0;34m\u001b[0m\u001b[0;34m\u001b[0m\u001b[0m\n",
      "\u001b[0;32m~/Documents/todo/worms/python/nsp/optm.py\u001b[0m in \u001b[0;36m_get_sym_matrix\u001b[0;34m(self)\u001b[0m\n\u001b[1;32m    199\u001b[0m             \u001b[0mU_return3\u001b[0m \u001b[0;34m=\u001b[0m \u001b[0mtorch\u001b[0m\u001b[0;34m.\u001b[0m\u001b[0mkron\u001b[0m\u001b[0;34m(\u001b[0m\u001b[0mU_return3\u001b[0m\u001b[0;34m,\u001b[0m \u001b[0mself\u001b[0m\u001b[0;34m.\u001b[0m\u001b[0m_one_site_matrix3\u001b[0m\u001b[0;34m)\u001b[0m\u001b[0;34m\u001b[0m\u001b[0;34m\u001b[0m\u001b[0m\n\u001b[1;32m    200\u001b[0m         \u001b[0mprint\u001b[0m\u001b[0;34m(\u001b[0m\u001b[0mU_return3\u001b[0m\u001b[0;34m)\u001b[0m\u001b[0;34m\u001b[0m\u001b[0;34m\u001b[0m\u001b[0m\n\u001b[0;32m--> 201\u001b[0;31m         \u001b[0;32mreturn\u001b[0m \u001b[0mU_return1\u001b[0m \u001b[0;34m@\u001b[0m \u001b[0mU_return3\u001b[0m \u001b[0;34m@\u001b[0m \u001b[0mU_return2\u001b[0m\u001b[0;34m\u001b[0m\u001b[0;34m\u001b[0m\u001b[0m\n\u001b[0m\u001b[1;32m    202\u001b[0m \u001b[0;34m\u001b[0m\u001b[0m\n\u001b[1;32m    203\u001b[0m \u001b[0;34m\u001b[0m\u001b[0m\n",
      "\u001b[0;31mRuntimeError\u001b[0m: expected scalar type Double but found Float"
     ]
    }
   ],
   "source": [
    "model2.matrix()"
   ]
  },
  {
   "cell_type": "code",
   "execution_count": 16,
   "id": "abandoned-prototype",
   "metadata": {
    "scrolled": true
   },
   "outputs": [
    {
     "name": "stdout",
     "output_type": "stream",
     "text": [
      "0 84.7134156907988\n",
      "\n",
      "\n",
      "1000 61.74517501825012\n",
      "\n",
      "\n",
      "2000 62.28437090820736\n",
      "\n",
      "\n",
      "3000 63.76427491408256\n",
      "\n",
      "\n",
      "4000 59.951676469127484\n",
      "\n",
      "\n",
      "5000 59.712485909255754\n",
      "\n",
      "\n",
      "6000 62.44161717696958\n",
      "\n",
      "\n",
      "7000 63.12272788258092\n",
      "\n",
      "\n",
      "8000 60.89974400270404\n",
      "\n",
      "\n",
      "9000 61.59531851766686\n",
      "\n",
      "\n",
      "10000 61.1471856247586\n",
      "\n",
      "\n",
      "11000 61.482957268477065\n",
      "\n",
      "\n",
      "12000 61.82753935739209\n",
      "\n",
      "\n",
      "13000 62.54878470096159\n",
      "\n",
      "\n",
      "14000 60.987553161376404\n",
      "\n",
      "\n",
      "15000 59.44005098995243\n",
      "\n",
      "\n",
      "16000 59.218723968281914\n",
      "\n",
      "\n",
      "17000 60.996570847775686\n",
      "\n",
      "\n",
      "18000 61.73681213815203\n",
      "\n",
      "\n",
      "19000 59.599999336746464\n",
      "\n",
      "\n"
     ]
    }
   ],
   "source": [
    "for t in range(20000):\n",
    "    y = model(X)\n",
    "    loss = optm.loss_1(y)\n",
    "    if t % 1000 == 0:\n",
    "#         print(y)\n",
    "        print(t, loss.item())\n",
    "#         print(next(model.parameters()))\n",
    "        print(\"\\n\")\n",
    "    optimizer.zero_grad()\n",
    "    loss.backward()\n",
    "    optimizer.step()"
   ]
  },
  {
   "cell_type": "code",
   "execution_count": 17,
   "id": "8478dfe1",
   "metadata": {},
   "outputs": [],
   "source": [
    "# u = model.one_site_matrix.data\n",
    "# U = torch.kron(u,u)\n",
    "U = model.matrix"
   ]
  },
  {
   "cell_type": "code",
   "execution_count": 18,
   "id": "05bde901",
   "metadata": {
    "scrolled": true
   },
   "outputs": [
    {
     "data": {
      "text/plain": [
       "(tensor([ 0,  0,  0,  0,  0,  0,  1,  1,  1,  1,  1,  1,  1,  2,  2,  2,  2,  2,\n",
       "          2,  2,  3,  3,  3,  3,  3,  3,  3,  3,  4,  4,  4,  4,  4,  5,  5,  5,\n",
       "          5,  5,  5,  5,  6,  6,  6,  6,  6,  6,  6,  6,  6,  6,  7,  7,  7,  7,\n",
       "          8,  8,  8,  8,  8,  8,  9,  9,  9,  9,  9,  9, 10, 10, 10, 10, 10, 10,\n",
       "         10, 11, 11, 11, 11, 12, 12, 12, 12, 12, 12, 12, 12, 13, 13, 13, 13, 13,\n",
       "         13, 14, 14, 14, 14, 14, 15, 15, 15, 15, 15, 15, 15, 15, 15]),\n",
       " tensor([ 0,  1,  4,  5,  9, 15,  0,  1,  3,  6, 10, 12, 13,  6,  8,  9, 10, 12,\n",
       "         14, 15,  1,  3,  5,  6,  7,  8, 12, 15,  0,  8, 10, 12, 13,  0,  3,  5,\n",
       "          6,  7,  8, 14,  1,  2,  3,  5,  6,  9, 10, 11, 14, 15,  3,  5, 11, 12,\n",
       "          2,  3,  4,  5,  8, 15,  0,  2,  6, 12, 13, 15,  1,  2,  4,  6, 11, 13,\n",
       "         15,  6,  7, 10, 11,  1,  2,  3,  4,  7,  9, 13, 14,  1,  4,  9, 10, 12,\n",
       "         15,  2,  5,  6, 12, 15,  0,  2,  3,  6,  8,  9, 10, 13, 14]))"
      ]
     },
     "execution_count": 18,
     "metadata": {},
     "output_type": "execute_result"
    }
   ],
   "source": [
    "tmp = U @ X @ U.T\n",
    "torch.where(tmp < 0)"
   ]
  },
  {
   "cell_type": "code",
   "execution_count": 19,
   "id": "eb0a9a8a",
   "metadata": {},
   "outputs": [
    {
     "data": {
      "text/plain": [
       "tensor([[-1.2637e+00, -5.9350e-01,  3.2222e-01,  4.2895e-03, -1.7757e-01,\n",
       "         -1.3073e-01,  4.1947e-01,  1.0912e+00,  5.3388e-01, -1.2388e+00,\n",
       "          2.7204e-01,  8.0699e-02,  3.4655e-01,  1.2000e+00,  1.5556e+00,\n",
       "         -1.5535e+00],\n",
       "        [-5.9350e-01, -5.7445e-01,  1.6736e+00, -1.0549e-01,  6.3196e-01,\n",
       "          7.1800e-01, -7.1169e-03,  6.4767e-01,  2.0338e-01,  9.0001e-01,\n",
       "         -6.2547e-02,  1.9446e-01, -1.8408e+00, -8.8294e-02,  1.3914e-01,\n",
       "          1.2739e+00],\n",
       "        [ 3.2222e-01,  1.6736e+00,  7.6978e-01,  3.4935e-01,  1.0349e+00,\n",
       "          4.8983e-01, -4.9617e-01,  1.7991e+00, -8.7214e-01, -2.6135e-01,\n",
       "         -6.5645e-02,  1.3359e-01, -2.9210e-01,  8.0559e-01, -1.7937e-01,\n",
       "         -3.9844e-01],\n",
       "        [ 4.2895e-03, -1.0549e-01,  3.4935e-01, -6.2874e-01,  8.6135e-01,\n",
       "         -2.5092e-02, -3.2712e-01, -4.5880e-02, -1.7703e-01,  9.6211e-02,\n",
       "          1.9591e-01,  5.0951e-01, -8.2023e-01,  1.1158e+00,  2.6127e-01,\n",
       "         -1.1396e-01],\n",
       "        [-1.7757e-01,  6.3196e-01,  1.0349e+00,  8.6135e-01,  1.1183e+00,\n",
       "          5.5770e-01,  9.0113e-01,  3.6774e-02, -1.0520e+00,  4.9392e-01,\n",
       "         -2.3036e+00,  5.1466e-01, -1.2735e+00, -8.6884e-01,  2.3295e-01,\n",
       "          1.2630e-01],\n",
       "        [-1.3073e-01,  7.1800e-01,  4.8983e-01, -2.5092e-02,  5.5770e-01,\n",
       "         -4.5138e+00, -3.6787e-01, -1.2774e+00, -3.7709e-02,  1.0215e+00,\n",
       "          1.7168e+00,  1.1572e+00,  4.2178e-03,  2.1864e-01, -1.0071e+00,\n",
       "          2.7940e-01],\n",
       "        [ 4.1947e-01, -7.1169e-03, -4.9617e-01, -3.2712e-01,  9.0113e-01,\n",
       "         -3.6787e-01, -1.5337e+00,  6.4740e-01,  1.7755e+00, -8.4232e-01,\n",
       "         -1.5739e+00, -1.4390e+00,  8.4886e-01,  1.1708e+00, -1.1526e-01,\n",
       "         -1.3417e-01],\n",
       "        [ 1.0912e+00,  6.4767e-01,  1.7991e+00, -4.5880e-02,  3.6774e-02,\n",
       "         -1.2774e+00,  6.4740e-01,  1.5399e+00,  1.2732e+00,  1.1229e+00,\n",
       "          9.5237e-01, -1.4707e+00, -2.0518e-01,  4.2570e-01,  2.7301e+00,\n",
       "          5.7675e-01],\n",
       "        [ 5.3388e-01,  2.0338e-01, -8.7214e-01, -1.7703e-01, -1.0520e+00,\n",
       "         -3.7709e-02,  1.7755e+00,  1.2732e+00, -5.9049e-01,  1.5238e-01,\n",
       "          1.1230e+00,  2.7874e-01,  6.1924e-01,  6.4388e-01,  2.9038e-02,\n",
       "         -6.5624e-01],\n",
       "        [-1.2388e+00,  9.0001e-01, -2.6135e-01,  9.6211e-02,  4.9392e-01,\n",
       "          1.0215e+00, -8.4232e-01,  1.1229e+00,  1.5238e-01,  2.2115e+00,\n",
       "          4.7394e-01,  3.9928e-01, -3.6302e-01, -1.0685e-01,  6.4012e-01,\n",
       "         -1.3089e-01],\n",
       "        [ 2.7204e-01, -6.2547e-02, -6.5645e-02,  1.9591e-01, -2.3036e+00,\n",
       "          1.7168e+00, -1.5739e+00,  9.5237e-01,  1.1230e+00,  4.7394e-01,\n",
       "          6.0209e-01, -8.0139e-01,  4.8301e-01, -7.5120e-01,  1.2424e-02,\n",
       "         -1.0917e+00],\n",
       "        [ 8.0699e-02,  1.9446e-01,  1.3359e-01,  5.0951e-01,  5.1466e-01,\n",
       "          1.1572e+00, -1.4390e+00, -1.4707e+00,  2.7874e-01,  3.9928e-01,\n",
       "         -8.0139e-01, -2.0549e-01,  1.0797e+00,  1.9792e-01,  6.9585e-01,\n",
       "          7.4200e-01],\n",
       "        [ 3.4655e-01, -1.8408e+00, -2.9210e-01, -8.2023e-01, -1.2735e+00,\n",
       "          4.2178e-03,  8.4886e-01, -2.0518e-01,  6.1924e-01, -3.6302e-01,\n",
       "          4.8301e-01,  1.0797e+00,  4.0409e-02, -1.6559e+00, -6.0628e-02,\n",
       "          6.8497e-01],\n",
       "        [ 1.2000e+00, -8.8294e-02,  8.0559e-01,  1.1158e+00, -8.6884e-01,\n",
       "          2.1864e-01,  1.1708e+00,  4.2570e-01,  6.4388e-01, -1.0685e-01,\n",
       "         -7.5120e-01,  1.9792e-01, -1.6559e+00,  1.5277e+00,  5.6503e-02,\n",
       "         -1.5144e-01],\n",
       "        [ 1.5556e+00,  1.3914e-01, -1.7937e-01,  2.6127e-01,  2.3295e-01,\n",
       "         -1.0071e+00, -1.1526e-01,  2.7301e+00,  2.9038e-02,  6.4012e-01,\n",
       "          1.2424e-02,  6.9585e-01, -6.0628e-02,  5.6503e-02,  1.6994e+00,\n",
       "         -2.7559e-01],\n",
       "        [-1.5535e+00,  1.2739e+00, -3.9844e-01, -1.1396e-01,  1.2630e-01,\n",
       "          2.7940e-01, -1.3417e-01,  5.7675e-01, -6.5624e-01, -1.3089e-01,\n",
       "         -1.0917e+00,  7.4200e-01,  6.8497e-01, -1.5144e-01, -2.7559e-01,\n",
       "          1.4745e-01]], dtype=torch.float64, grad_fn=<MmBackward0>)"
      ]
     },
     "execution_count": 19,
     "metadata": {},
     "output_type": "execute_result"
    }
   ],
   "source": [
    "tmp"
   ]
  },
  {
   "cell_type": "code",
   "execution_count": 22,
   "id": "c8ec0189",
   "metadata": {},
   "outputs": [
    {
     "data": {
      "text/plain": [
       "tensor([[ 0.2502,  0.0000,  0.0000,  0.0000,  0.0000,  0.0000],\n",
       "        [ 0.0000, -0.0757,  0.0000,  0.0000,  0.0000,  0.0000],\n",
       "        [ 0.0000,  0.0000,  0.0721,  0.0000,  0.0000,  0.0000],\n",
       "        [ 0.0000,  0.0000,  0.0000,  0.4275,  0.0000,  0.0000],\n",
       "        [ 0.0000,  0.0000,  0.0000,  0.0000,  0.8681,  0.0000],\n",
       "        [ 0.0000,  0.0000,  0.0000,  0.0000,  0.0000, -0.0988]],\n",
       "       grad_fn=<DiagBackward0>)"
      ]
     },
     "execution_count": 22,
     "metadata": {},
     "output_type": "execute_result"
    }
   ],
   "source": [
    "torch.diag(model._params)"
   ]
  },
  {
   "cell_type": "code",
   "execution_count": null,
   "id": "8d8180eb",
   "metadata": {},
   "outputs": [],
   "source": []
  }
 ],
 "metadata": {
  "kernelspec": {
   "display_name": "Python 3 (ipykernel)",
   "language": "python",
   "name": "python3"
  },
  "language_info": {
   "codemirror_mode": {
    "name": "ipython",
    "version": 3
   },
   "file_extension": ".py",
   "mimetype": "text/x-python",
   "name": "python",
   "nbconvert_exporter": "python",
   "pygments_lexer": "ipython3",
   "version": "3.7.7"
  }
 },
 "nbformat": 4,
 "nbformat_minor": 5
}
